,0,1,2,3,4,5,6,7,8,9,10,11,12,13,14,15,16,17,18,19,20,21,22,23,24,25,26,27,28,29,30,31,32,33,34,35,36,37,38,39,40,41,42,43,44,45,46,47,48,49,50,51,52,53,54,55,56,57,58,59,60,61,62,63,64,65,66,67,68,69,70,71,72,73,74,75,76,77,78,79,80,81,82,83,84,85,86,87,88
0,0.0,0.0037053488074535647,0.004475250781709852,0.01666056758116097,0.016694973826709248,0.0013700187776907726,0.016099812548873365,0.0013700187776907726,0.01923545501324747,0.016099812548873365,0.0,0.0,0.0013700187776907726,0.01923545501324747,0.015751404125121524,0.001464804201054185,0.0031078771475763624,0.0017916311958260027,0.01448023142560392,0.01519032155231296,0.015520127313969227,0.01519032155231296,0.018836597476663004,0.02074487477151297,0.01519032155231296,0.01716082689099572,0.015572179736220899,0.015572179736220899,0.01519032155231296,0.019480317767151187,0.01716082689099572,0.014705686900943208,0.015607291090277073,0.01519032155231296,0.01519032155231296,0.018726573975643243,0.018942703845706923,0.01641697219450192,0.0,0.0,0.0,0.01666056758116097,0.001464804201054185,0.015751404125121524,0.0017916311958260027,0.016099812548873365,0.016099812548873365,0.004475250781709852,0.016694973826709248,0.015324030467217087,0.0037053488074535647,0.0037053488074535647,0.01519032155231296,0.016694973826709248,0.0013700187776907726,0.0013700187776907726,0.01923545501324747,0.0013700187776907726,0.01923545501324747,0.0031078771475763624,0.015520127313969227,0.01519032155231296,0.01448023142560392,0.01641697219450192,0.018942703845706923,0.018726573975643243,0.01519032155231296,0.01519032155231296,0.01519032155231296,0.015607291090277073,0.014705686900943208,0.01716082689099572,0.019480317767151187,0.01519032155231296,0.01519032155231296,0.02074487477151297,0.018836597476663004,0.016694973826709248,0.01519032155231296,0.018124352376565917,0.0013700187776907726,0.0013700187776907726,0.0013700187776907726,0.01923545501324747,0.0031078771475763624,0.01923545501324747,0.021500147098584187,0.016388741208799778,0.0033750021972060963
1,0.0037053488074535647,0.0,0.008049090386903065,0.017625878833232987,0.017660285078781267,0.0023353300297627917,0.017065027431588657,0.0023353300297627917,0.019556221532312863,0.017065027431588657,0.0037053488074535647,0.0037053488074535647,0.0023353300297627917,0.019556221532312863,0.016716715377193537,0.0024301154531262037,0.0009371952677466176,0.002756942447898021,0.015445542677675938,0.01615563280438498,0.015840893833034615,0.01615563280438498,0.019801908728735024,0.021710089654228264,0.01615563280438498,0.01812613814306774,0.01577377462047704,0.01577377462047704,0.01615563280438498,0.01902727501432209,0.01812613814306774,0.015670998153015224,0.016572602342349096,0.01615563280438498,0.01615563280438498,0.019571249292889486,0.019819495391231352,0.016737661434048662,0.0037053488074535647,0.0037053488074535647,0.0037053488074535647,0.017625878833232987,0.0024301154531262037,0.016716715377193537,0.002756942447898021,0.017065027431588657,0.017065027431588657,0.008049090386903065,0.017660285078781267,0.016200822012741516,0.0,0.0,0.01615563280438498,0.017660285078781267,0.0023353300297627917,0.0023353300297627917,0.019556221532312863,0.0023353300297627917,0.019556221532312863,0.0009371952677466176,0.015840893833034615,0.01615563280438498,0.015445542677675938,0.016737661434048662,0.019819495391231352,0.019571249292889486,0.01615563280438498,0.01615563280438498,0.01615563280438498,0.016572602342349096,0.015670998153015224,0.01812613814306774,0.01902727501432209,0.01615563280438498,0.01615563280438498,0.021710089654228264,0.019801908728735024,0.017660285078781267,0.01615563280438498,0.019089663628637937,0.0023353300297627917,0.0023353300297627917,0.0023353300297627917,0.019556221532312863,0.0009371952677466176,0.019556221532312863,0.02103362035347303,0.017354052460871797,0.0003303466102474681
2,0.004475250781709852,0.008049090386903065,0.0,0.020874597314509125,0.020909003560057406,0.005728230055675961,0.020313842282221523,0.005728230055675961,0.023449484746595625,0.020313842282221523,0.004475250781709852,0.004475250781709852,0.005728230055675961,0.023449484746595625,0.019965433858469675,0.005823015479039373,0.007451618727025865,0.006149842473811191,0.018694261158952077,0.01940435128566112,0.019734157047317385,0.01940435128566112,0.02305062721001116,0.024958904504861126,0.01940435128566112,0.02137485662434388,0.019786209469569056,0.019786209469569056,0.01940435128566112,0.02369434750049934,0.02137485662434388,0.018919716634291366,0.01982132082362523,0.01940435128566112,0.01940435128566112,0.022940603708991397,0.02315673357905508,0.020631001927850074,0.004475250781709852,0.004475250781709852,0.004475250781709852,0.020874597314509125,0.005823015479039373,0.019965433858469675,0.006149842473811191,0.020313842282221523,0.020313842282221523,0.0,0.020909003560057406,0.01953806020056524,0.008049090386903065,0.008049090386903065,0.01940435128566112,0.020909003560057406,0.005728230055675961,0.005728230055675961,0.023449484746595625,0.005728230055675961,0.023449484746595625,0.007451618727025865,0.019734157047317385,0.01940435128566112,0.018694261158952077,0.020631001927850074,0.02315673357905508,0.022940603708991397,0.01940435128566112,0.01940435128566112,0.01940435128566112,0.01982132082362523,0.018919716634291366,0.02137485662434388,0.02369434750049934,0.01940435128566112,0.01940435128566112,0.024958904504861126,0.02305062721001116,0.020909003560057406,0.01940435128566112,0.022338382109914075,0.005728230055675961,0.005728230055675961,0.005728230055675961,0.023449484746595625,0.007451618727025865,0.023449484746595625,0.02571417683193234,0.020602770942147935,0.007718743776655598
3,0.01666056758116097,0.017625878833232987,0.020874597314509125,0.0,0.006255851858551376,0.015290548803470198,0.005700545991499578,0.015290548803470198,0.00883618845587368,0.005700545991499578,0.01666056758116097,0.01666056758116097,0.015290548803470198,0.00883618845587368,0.0010784823029541238,0.015232410982029114,0.017028407173355787,0.014902705035007163,0.004080964868230133,0.004791054994939175,0.00512086075659544,0.004791054994939175,0.008430104873661512,0.010345608214139178,0.004791054994939175,0.006761560333621934,0.005172913178847112,0.005172913178847112,0.004791054994939175,0.009081051209777395,0.006761560333621934,0.004306420343569421,0.005208024532903287,0.004791054994939175,0.004791054994939175,0.008299524482336368,0.008543437288333136,0.0060177056371281306,0.01666056758116097,0.01666056758116097,0.01666056758116097,0.0,0.015232410982029114,0.0010784823029541238,0.014902705035007163,0.005700545991499578,0.005700545991499578,0.020874597314509125,0.006255851858551376,0.004924763909843298,0.017625878833232987,0.017625878833232987,0.004791054994939175,0.006255851858551376,0.015290548803470198,0.015290548803470198,0.00883618845587368,0.015290548803470198,0.00883618845587368,0.017028407173355787,0.00512086075659544,0.004791054994939175,0.004080964868230133,0.0060177056371281306,0.008543437288333136,0.008299524482336368,0.004791054994939175,0.004791054994939175,0.004791054994939175,0.005208024532903287,0.004306420343569421,0.006761560333621934,0.009081051209777395,0.004791054994939175,0.004791054994939175,0.010345608214139178,0.008430104873661512,0.006255851858551376,0.004791054994939175,0.00772508581919213,0.015290548803470198,0.015290548803470198,0.015290548803470198,0.00883618845587368,0.017028407173355787,0.00883618845587368,0.011073097605277313,0.005989474651425992,0.01729553222298552
4,0.016694973826709248,0.017660285078781267,0.020909003560057406,0.006255851858551376,0.0,0.015324955049018476,0.004025944868687428,0.015324955049018476,0.005549785735330798,0.004025944868687428,0.016694973826709248,0.016694973826709248,0.015324955049018476,0.005549785735330798,0.0053132766561435054,0.015351871999107227,0.017062813418904064,0.0156733003100012,0.0023405126578992397,0.0015046522743962889,0.0018344580360525548,0.0015046522743962889,0.005150928198746329,0.008671007091327027,0.0015046522743962889,0.003475157613079048,0.0018865104583042263,0.0018865104583042263,0.0015046522743962889,0.00579464848923451,0.003475157613079048,0.0020810851040147893,0.0019216218123604013,0.0015046522743962889,0.0015046522743962889,0.008351353818495255,0.008492025564586022,0.00434310451431598,0.016694973826709248,0.016694973826709248,0.016694973826709248,0.006255851858551376,0.015351871999107227,0.0053132766561435054,0.0156733003100012,0.004025944868687428,0.004025944868687428,0.020909003560057406,0.0,0.00495917015539158,0.017660285078781267,0.017660285078781267,0.0015046522743962889,0.0,0.015324955049018476,0.015324955049018476,0.005549785735330798,0.015324955049018476,0.005549785735330798,0.017062813418904064,0.0018344580360525548,0.0015046522743962889,0.0023405126578992397,0.00434310451431598,0.008492025564586022,0.008351353818495255,0.0015046522743962889,0.0015046522743962889,0.0015046522743962889,0.0019216218123604013,0.0020810851040147893,0.003475157613079048,0.00579464848923451,0.0015046522743962889,0.0015046522743962889,0.008671007091327027,0.005150928198746329,0.0,0.0015046522743962889,0.004438683098649245,0.015324955049018476,0.015324955049018476,0.015324955049018476,0.005549785735330798,0.017062813418904064,0.005549785735330798,0.009735892361568506,0.0027030719308831063,0.0173299384685338
5,0.0013700187776907726,0.0023353300297627917,0.005728230055675961,0.015290548803470198,0.015324955049018476,0.0,0.014729793771182591,0.0,0.017865436235556698,0.014729793771182591,0.0013700187776907726,0.0013700187776907726,0.0,0.017865436235556698,0.014381385347430747,9.478542336341234e-05,0.0017378583698855895,0.0004216124181352297,0.01311021264791315,0.013820302774622189,0.014150108536278455,0.013820302774622189,0.01746657869897223,0.019374855993822198,0.013820302774622189,0.01579080811330495,0.014202160958530125,0.014202160958530125,0.013820302774622189,0.018110298989460413,0.01579080811330495,0.013335668123252434,0.014237272312586301,0.013820302774622189,0.013820302774622189,0.01735655519795247,0.01757268506801615,0.015046953416811146,0.0013700187776907726,0.0013700187776907726,0.0013700187776907726,0.015290548803470198,9.478542336341234e-05,0.014381385347430747,0.0004216124181352297,0.014729793771182591,0.014729793771182591,0.005728230055675961,0.015324955049018476,0.013954011689526313,0.0023353300297627917,0.0023353300297627917,0.013820302774622189,0.015324955049018476,0.0,0.0,0.017865436235556698,0.0,0.017865436235556698,0.0017378583698855895,0.014150108536278455,0.013820302774622189,0.01311021264791315,0.015046953416811146,0.01757268506801615,0.01735655519795247,0.013820302774622189,0.013820302774622189,0.013820302774622189,0.014237272312586301,0.013335668123252434,0.01579080811330495,0.018110298989460413,0.013820302774622189,0.013820302774622189,0.019374855993822198,0.01746657869897223,0.015324955049018476,0.013820302774622189,0.016754333598875144,0.0,0.0,0.0,0.017865436235556698,0.0017378583698855895,0.017865436235556698,0.020130128320893413,0.015018722431109006,0.0020049834195153236
6,0.016099812548873365,0.017065027431588657,0.020313842282221523,0.005700545991499578,0.004025944868687428,0.014729793771182591,0.0,0.014729793771182591,0.006566305487115455,0.0,0.016099812548873365,0.016099812548873365,0.014729793771182591,0.006566305487115455,0.004791382535460127,0.014824579194546005,0.01646765214106818,0.015151406189317821,0.0018545394365268785,0.0025212925942911385,0.002850977787837213,0.0025212925942911385,0.0061675685186411795,0.004645062222639602,0.0025212925942911385,0.004491797932973898,0.0029031507781990757,0.0029031507781990757,0.0025212925942911385,0.006811158894463283,0.004491797932973898,0.0019462993447646815,0.0029382621322552502,0.0025212925942911385,0.0025212925942911385,0.007765672648195375,0.007981802518259059,0.0003296002191219737,0.016099812548873365,0.016099812548873365,0.016099812548873365,0.005700545991499578,0.014824579194546005,0.004791382535460127,0.015151406189317821,0.0,0.0,0.020313842282221523,0.004025944868687428,0.004363129139769222,0.017065027431588657,0.017065027431588657,0.0025212925942911385,0.004025944868687428,0.014729793771182591,0.014729793771182591,0.006566305487115455,0.014729793771182591,0.006566305487115455,0.01646765214106818,0.002850977787837213,0.0025212925942911385,0.0018545394365268785,0.0003296002191219737,0.007981802518259059,0.007765672648195375,0.0025212925942911385,0.0025212925942911385,0.0025212925942911385,0.0029382621322552502,0.0019462993447646815,0.004491797932973898,0.006811158894463283,0.0025212925942911385,0.0025212925942911385,0.004645062222639602,0.0061675685186411795,0.004025944868687428,0.0025212925942911385,0.005455323418544094,0.014729793771182591,0.014729793771182591,0.014729793771182591,0.006566305487115455,0.01646765214106818,0.006566305487115455,0.010190813203091582,0.003719712250777956,0.016734777190697915
7,0.0013700187776907726,0.0023353300297627917,0.005728230055675961,0.015290548803470198,0.015324955049018476,0.0,0.014729793771182591,0.0,0.017865436235556698,0.014729793771182591,0.0013700187776907726,0.0013700187776907726,0.0,0.017865436235556698,0.014381385347430747,9.478542336341234e-05,0.0017378583698855895,0.0004216124181352297,0.01311021264791315,0.013820302774622189,0.014150108536278455,0.013820302774622189,0.01746657869897223,0.019374855993822198,0.013820302774622189,0.01579080811330495,0.014202160958530125,0.014202160958530125,0.013820302774622189,0.018110298989460413,0.01579080811330495,0.013335668123252434,0.014237272312586301,0.013820302774622189,0.013820302774622189,0.01735655519795247,0.01757268506801615,0.015046953416811146,0.0013700187776907726,0.0013700187776907726,0.0013700187776907726,0.015290548803470198,9.478542336341234e-05,0.014381385347430747,0.0004216124181352297,0.014729793771182591,0.014729793771182591,0.005728230055675961,0.015324955049018476,0.013954011689526313,0.0023353300297627917,0.0023353300297627917,0.013820302774622189,0.015324955049018476,0.0,0.0,0.017865436235556698,0.0,0.017865436235556698,0.0017378583698855895,0.014150108536278455,0.013820302774622189,0.01311021264791315,0.015046953416811146,0.01757268506801615,0.01735655519795247,0.013820302774622189,0.013820302774622189,0.013820302774622189,0.014237272312586301,0.013335668123252434,0.01579080811330495,0.018110298989460413,0.013820302774622189,0.013820302774622189,0.019374855993822198,0.01746657869897223,0.015324955049018476,0.013820302774622189,0.016754333598875144,0.0,0.0,0.0,0.017865436235556698,0.0017378583698855895,0.017865436235556698,0.020130128320893413,0.015018722431109006,0.0020049834195153236
8,0.01923545501324747,0.019556221532312863,0.023449484746595625,0.00883618845587368,0.005549785735330798,0.017865436235556698,0.006566305487115455,0.017865436235556698,0.0,0.006566305487115455,0.01923545501324747,0.01923545501324747,0.017865436235556698,0.0,0.007927024999834232,0.017960221658920108,0.019603294605442283,0.018287048653691924,0.0048809938444374585,0.0040451334609345095,0.0037153276992782426,0.0040451334609345095,0.007691409385284549,0.011211367709755058,0.0040451334609345095,0.006015638799617269,0.004426991644842445,0.004426991644842445,0.0040451334609345095,0.007682878551415191,0.006015638799617269,0.004621566290553011,0.004462102998898621,0.0040451334609345095,0.0040451334609345095,0.005538989840850163,0.010930737575207156,0.006236805395458181,0.01923545501324747,0.01923545501324747,0.01923545501324747,0.00883618845587368,0.017960221658920108,0.007927024999834232,0.018287048653691924,0.006566305487115455,0.006566305487115455,0.023449484746595625,0.005549785735330798,0.007397882166012715,0.019556221532312863,0.019556221532312863,0.0040451334609345095,0.005549785735330798,0.017865436235556698,0.017865436235556698,0.0,0.017865436235556698,0.0,0.019603294605442283,0.0037153276992782426,0.0040451334609345095,0.0048809938444374585,0.006236805395458181,0.010930737575207156,0.005538989840850163,0.0040451334609345095,0.0040451334609345095,0.0040451334609345095,0.004462102998898621,0.004621566290553011,0.006015638799617269,0.007682878551415191,0.0040451334609345095,0.0040451334609345095,0.011211367709755058,0.007691409385284549,0.005549785735330798,0.0040451334609345095,0.006979164285187464,0.017865436235556698,0.017865436235556698,0.017865436235556698,0.0,0.019603294605442283,0.0,0.011655560548074467,0.005243553117421328,0.01987041965507202
9,0.016099812548873365,0.017065027431588657,0.020313842282221523,0.005700545991499578,0.004025944868687428,0.014729793771182591,0.0,0.014729793771182591,0.006566305487115455,0.0,0.016099812548873365,0.016099812548873365,0.014729793771182591,0.006566305487115455,0.004791382535460127,0.014824579194546005,0.01646765214106818,0.015151406189317821,0.0018545394365268785,0.0025212925942911385,0.002850977787837213,0.0025212925942911385,0.0061675685186411795,0.004645062222639602,0.0025212925942911385,0.004491797932973898,0.0029031507781990757,0.0029031507781990757,0.0025212925942911385,0.006811158894463283,0.004491797932973898,0.0019462993447646815,0.0029382621322552502,0.0025212925942911385,0.0025212925942911385,0.007765672648195375,0.007981802518259059,0.0003296002191219737,0.016099812548873365,0.016099812548873365,0.016099812548873365,0.005700545991499578,0.014824579194546005,0.004791382535460127,0.015151406189317821,0.0,0.0,0.020313842282221523,0.004025944868687428,0.004363129139769222,0.017065027431588657,0.017065027431588657,0.0025212925942911385,0.004025944868687428,0.014729793771182591,0.014729793771182591,0.006566305487115455,0.014729793771182591,0.006566305487115455,0.01646765214106818,0.002850977787837213,0.0025212925942911385,0.0018545394365268785,0.0003296002191219737,0.007981802518259059,0.007765672648195375,0.0025212925942911385,0.0025212925942911385,0.0025212925942911385,0.0029382621322552502,0.0019462993447646815,0.004491797932973898,0.006811158894463283,0.0025212925942911385,0.0025212925942911385,0.004645062222639602,0.0061675685186411795,0.004025944868687428,0.0025212925942911385,0.005455323418544094,0.014729793771182591,0.014729793771182591,0.014729793771182591,0.006566305487115455,0.01646765214106818,0.006566305487115455,0.010190813203091582,0.003719712250777956,0.016734777190697915
10,0.0,0.0037053488074535647,0.004475250781709852,0.01666056758116097,0.016694973826709248,0.0013700187776907726,0.016099812548873365,0.0013700187776907726,0.01923545501324747,0.016099812548873365,0.0,0.0,0.0013700187776907726,0.01923545501324747,0.015751404125121524,0.001464804201054185,0.0031078771475763624,0.0017916311958260027,0.01448023142560392,0.01519032155231296,0.015520127313969227,0.01519032155231296,0.018836597476663004,0.02074487477151297,0.01519032155231296,0.01716082689099572,0.015572179736220899,0.015572179736220899,0.01519032155231296,0.019480317767151187,0.01716082689099572,0.014705686900943208,0.015607291090277073,0.01519032155231296,0.01519032155231296,0.018726573975643243,0.018942703845706923,0.01641697219450192,0.0,0.0,0.0,0.01666056758116097,0.001464804201054185,0.015751404125121524,0.0017916311958260027,0.016099812548873365,0.016099812548873365,0.004475250781709852,0.016694973826709248,0.015324030467217087,0.0037053488074535647,0.0037053488074535647,0.01519032155231296,0.016694973826709248,0.0013700187776907726,0.0013700187776907726,0.01923545501324747,0.0013700187776907726,0.01923545501324747,0.0031078771475763624,0.015520127313969227,0.01519032155231296,0.01448023142560392,0.01641697219450192,0.018942703845706923,0.018726573975643243,0.01519032155231296,0.01519032155231296,0.01519032155231296,0.015607291090277073,0.014705686900943208,0.01716082689099572,0.019480317767151187,0.01519032155231296,0.01519032155231296,0.02074487477151297,0.018836597476663004,0.016694973826709248,0.01519032155231296,0.018124352376565917,0.0013700187776907726,0.0013700187776907726,0.0013700187776907726,0.01923545501324747,0.0031078771475763624,0.01923545501324747,0.021500147098584187,0.016388741208799778,0.0033750021972060963
11,0.0,0.0037053488074535647,0.004475250781709852,0.01666056758116097,0.016694973826709248,0.0013700187776907726,0.016099812548873365,0.0013700187776907726,0.01923545501324747,0.016099812548873365,0.0,0.0,0.0013700187776907726,0.01923545501324747,0.015751404125121524,0.001464804201054185,0.0031078771475763624,0.0017916311958260027,0.01448023142560392,0.01519032155231296,0.015520127313969227,0.01519032155231296,0.018836597476663004,0.02074487477151297,0.01519032155231296,0.01716082689099572,0.015572179736220899,0.015572179736220899,0.01519032155231296,0.019480317767151187,0.01716082689099572,0.014705686900943208,0.015607291090277073,0.01519032155231296,0.01519032155231296,0.018726573975643243,0.018942703845706923,0.01641697219450192,0.0,0.0,0.0,0.01666056758116097,0.001464804201054185,0.015751404125121524,0.0017916311958260027,0.016099812548873365,0.016099812548873365,0.004475250781709852,0.016694973826709248,0.015324030467217087,0.0037053488074535647,0.0037053488074535647,0.01519032155231296,0.016694973826709248,0.0013700187776907726,0.0013700187776907726,0.01923545501324747,0.0013700187776907726,0.01923545501324747,0.0031078771475763624,0.015520127313969227,0.01519032155231296,0.01448023142560392,0.01641697219450192,0.018942703845706923,0.018726573975643243,0.01519032155231296,0.01519032155231296,0.01519032155231296,0.015607291090277073,0.014705686900943208,0.01716082689099572,0.019480317767151187,0.01519032155231296,0.01519032155231296,0.02074487477151297,0.018836597476663004,0.016694973826709248,0.01519032155231296,0.018124352376565917,0.0013700187776907726,0.0013700187776907726,0.0013700187776907726,0.01923545501324747,0.0031078771475763624,0.01923545501324747,0.021500147098584187,0.016388741208799778,0.0033750021972060963
12,0.0013700187776907726,0.0023353300297627917,0.005728230055675961,0.015290548803470198,0.015324955049018476,0.0,0.014729793771182591,0.0,0.017865436235556698,0.014729793771182591,0.0013700187776907726,0.0013700187776907726,0.0,0.017865436235556698,0.014381385347430747,9.478542336341234e-05,0.0017378583698855895,0.0004216124181352297,0.01311021264791315,0.013820302774622189,0.014150108536278455,0.013820302774622189,0.01746657869897223,0.019374855993822198,0.013820302774622189,0.01579080811330495,0.014202160958530125,0.014202160958530125,0.013820302774622189,0.018110298989460413,0.01579080811330495,0.013335668123252434,0.014237272312586301,0.013820302774622189,0.013820302774622189,0.01735655519795247,0.01757268506801615,0.015046953416811146,0.0013700187776907726,0.0013700187776907726,0.0013700187776907726,0.015290548803470198,9.478542336341234e-05,0.014381385347430747,0.0004216124181352297,0.014729793771182591,0.014729793771182591,0.005728230055675961,0.015324955049018476,0.013954011689526313,0.0023353300297627917,0.0023353300297627917,0.013820302774622189,0.015324955049018476,0.0,0.0,0.017865436235556698,0.0,0.017865436235556698,0.0017378583698855895,0.014150108536278455,0.013820302774622189,0.01311021264791315,0.015046953416811146,0.01757268506801615,0.01735655519795247,0.013820302774622189,0.013820302774622189,0.013820302774622189,0.014237272312586301,0.013335668123252434,0.01579080811330495,0.018110298989460413,0.013820302774622189,0.013820302774622189,0.019374855993822198,0.01746657869897223,0.015324955049018476,0.013820302774622189,0.016754333598875144,0.0,0.0,0.0,0.017865436235556698,0.0017378583698855895,0.017865436235556698,0.020130128320893413,0.015018722431109006,0.0020049834195153236
13,0.01923545501324747,0.019556221532312863,0.023449484746595625,0.00883618845587368,0.005549785735330798,0.017865436235556698,0.006566305487115455,0.017865436235556698,0.0,0.006566305487115455,0.01923545501324747,0.01923545501324747,0.017865436235556698,0.0,0.007927024999834232,0.017960221658920108,0.019603294605442283,0.018287048653691924,0.0048809938444374585,0.0040451334609345095,0.0037153276992782426,0.0040451334609345095,0.007691409385284549,0.011211367709755058,0.0040451334609345095,0.006015638799617269,0.004426991644842445,0.004426991644842445,0.0040451334609345095,0.007682878551415191,0.006015638799617269,0.004621566290553011,0.004462102998898621,0.0040451334609345095,0.0040451334609345095,0.005538989840850163,0.010930737575207156,0.006236805395458181,0.01923545501324747,0.01923545501324747,0.01923545501324747,0.00883618845587368,0.017960221658920108,0.007927024999834232,0.018287048653691924,0.006566305487115455,0.006566305487115455,0.023449484746595625,0.005549785735330798,0.007397882166012715,0.019556221532312863,0.019556221532312863,0.0040451334609345095,0.005549785735330798,0.017865436235556698,0.017865436235556698,0.0,0.017865436235556698,0.0,0.019603294605442283,0.0037153276992782426,0.0040451334609345095,0.0048809938444374585,0.006236805395458181,0.010930737575207156,0.005538989840850163,0.0040451334609345095,0.0040451334609345095,0.0040451334609345095,0.004462102998898621,0.004621566290553011,0.006015638799617269,0.007682878551415191,0.0040451334609345095,0.0040451334609345095,0.011211367709755058,0.007691409385284549,0.005549785735330798,0.0040451334609345095,0.006979164285187464,0.017865436235556698,0.017865436235556698,0.017865436235556698,0.0,0.019603294605442283,0.0,0.011655560548074467,0.005243553117421328,0.01987041965507202
14,0.015751404125121524,0.016716715377193537,0.019965433858469675,0.0010784823029541238,0.0053132766561435054,0.014381385347430747,0.004791382535460127,0.014381385347430747,0.007927024999834232,0.004791382535460127,0.015751404125121524,0.015751404125121524,0.014381385347430747,0.007927024999834232,0.0,0.014289504193128216,0.016119243717316337,0.013959772929295518,0.0031718014121906828,0.0038818915388997245,0.00421169730055599,0.0038818915388997245,0.007520941417622062,0.009436444758099728,0.0038818915388997245,0.0058523968775824825,0.004263749722807662,0.004263749722807662,0.0038818915388997245,0.008171887753737946,0.0058523968775824825,0.0033972568875299705,0.004298861076863837,0.0038818915388997245,0.0038818915388997245,0.0073860977177611425,0.007634273832293686,0.00510854218108868,0.015751404125121524,0.015751404125121524,0.015751404125121524,0.0010784823029541238,0.014289504193128216,0.0,0.013959772929295518,0.004791382535460127,0.004791382535460127,0.019965433858469675,0.0053132766561435054,0.004015600453803849,0.016716715377193537,0.016716715377193537,0.0038818915388997245,0.0053132766561435054,0.014381385347430747,0.014381385347430747,0.007927024999834232,0.014381385347430747,0.007927024999834232,0.016119243717316337,0.00421169730055599,0.0038818915388997245,0.0031718014121906828,0.00510854218108868,0.007634273832293686,0.0073860977177611425,0.0038818915388997245,0.0038818915388997245,0.0038818915388997245,0.004298861076863837,0.0033972568875299705,0.0058523968775824825,0.008171887753737946,0.0038818915388997245,0.0038818915388997245,0.009436444758099728,0.007520941417622062,0.0053132766561435054,0.0038818915388997245,0.006815922363152679,0.014381385347430747,0.014381385347430747,0.014381385347430747,0.007927024999834232,0.016119243717316337,0.007927024999834232,0.010159670840702087,0.0050803111953865426,0.01638636876694607
15,0.001464804201054185,0.0024301154531262037,0.005823015479039373,0.015232410982029114,0.015351871999107227,9.478542336341234e-05,0.014824579194546005,9.478542336341234e-05,0.017960221658920108,0.014824579194546005,0.001464804201054185,0.001464804201054185,9.478542336341234e-05,0.017960221658920108,0.014289504193128216,0.0,0.0018326437932490018,0.0003297312638326965,0.013204998071276562,0.013915088197985601,0.014244893959641866,0.013915088197985601,0.01755413807670794,0.01946964141718561,0.013915088197985601,0.015885593536668362,0.014296946381893539,0.014296946381893539,0.013915088197985601,0.018205084412823824,0.015885593536668362,0.013430453546615848,0.014332057735949711,0.013915088197985601,0.013915088197985601,0.01744193833490119,0.017667470491379563,0.015141738840174558,0.001464804201054185,0.001464804201054185,0.001464804201054185,0.015232410982029114,0.0,0.014289504193128216,0.0003297312638326965,0.014824579194546005,0.014824579194546005,0.005823015479039373,0.015351871999107227,0.014048797112889727,0.0024301154531262037,0.0024301154531262037,0.013915088197985601,0.015351871999107227,9.478542336341234e-05,9.478542336341234e-05,0.017960221658920108,9.478542336341234e-05,0.017960221658920108,0.0018326437932490018,0.014244893959641866,0.013915088197985601,0.013204998071276562,0.015141738840174558,0.017667470491379563,0.01744193833490119,0.013915088197985601,0.013915088197985601,0.013915088197985601,0.014332057735949711,0.013430453546615848,0.015885593536668362,0.018205084412823824,0.013915088197985601,0.013915088197985601,0.01946964141718561,0.01755413807670794,0.015351871999107227,0.013915088197985601,0.016849119022238557,9.478542336341234e-05,9.478542336341234e-05,9.478542336341234e-05,0.017960221658920108,0.0018326437932490018,0.017960221658920108,0.020215511457842138,0.01511350785447242,0.002099768842878736
16,0.0031078771475763624,0.0009371952677466176,0.007451618727025865,0.017028407173355787,0.017062813418904064,0.0017378583698855895,0.01646765214106818,0.0017378583698855895,0.019603294605442283,0.01646765214106818,0.0031078771475763624,0.0031078771475763624,0.0017378583698855895,0.019603294605442283,0.016119243717316337,0.0018326437932490018,0.0,0.002159470788020819,0.014848071017798736,0.015558161144507776,0.01588796690616404,0.015558161144507776,0.01920443706885782,0.021112714363707787,0.015558161144507776,0.017528666483190534,0.015940019328415714,0.015940019328415714,0.015558161144507776,0.019848157359346006,0.017528666483190534,0.015073526493138024,0.01597513068247189,0.015558161144507776,0.015558161144507776,0.018955489131849548,0.019310543437901742,0.016784811786696736,0.0031078771475763624,0.0031078771475763624,0.0031078771475763624,0.017028407173355787,0.0018326437932490018,0.016119243717316337,0.002159470788020819,0.01646765214106818,0.01646765214106818,0.007451618727025865,0.017062813418904064,0.015691870059411903,0.0009371952677466176,0.0009371952677466176,0.015558161144507776,0.017062813418904064,0.0017378583698855895,0.0017378583698855895,0.019603294605442283,0.0017378583698855895,0.019603294605442283,0.0,0.01588796690616404,0.015558161144507776,0.014848071017798736,0.016784811786696736,0.019310543437901742,0.018955489131849548,0.015558161144507776,0.015558161144507776,0.015558161144507776,0.01597513068247189,0.015073526493138024,0.017528666483190534,0.019848157359346006,0.015558161144507776,0.015558161144507776,0.021112714363707787,0.01920443706885782,0.017062813418904064,0.015558161144507776,0.018492191968760736,0.0017378583698855895,0.0017378583698855895,0.0017378583698855895,0.019603294605442283,0.0,0.019603294605442283,0.02172906225479049,0.016756580800994594,0.0006068486574991494
17,0.0017916311958260027,0.002756942447898021,0.006149842473811191,0.014902705035007163,0.0156733003100012,0.0004216124181352297,0.015151406189317821,0.0004216124181352297,0.018287048653691924,0.015151406189317821,0.0017916311958260027,0.0017916311958260027,0.0004216124181352297,0.018287048653691924,0.013959772929295518,0.0003297312638326965,0.002159470788020819,0.0,0.01353182506604838,0.014241915192757417,0.014571720954413682,0.014241915192757417,0.01788096507147976,0.019796468411957424,0.014241915192757417,0.01621242053144018,0.014623773376665355,0.014623773376665355,0.014241915192757417,0.01853191140759564,0.01621242053144018,0.013757280541387666,0.01465888473072153,0.014241915192757417,0.014241915192757417,0.01774612137161884,0.01799429748615138,0.015468565834946378,0.0017916311958260027,0.0017916311958260027,0.0017916311958260027,0.014902705035007163,0.0003297312638326965,0.013959772929295518,0.0,0.015151406189317821,0.015151406189317821,0.006149842473811191,0.0156733003100012,0.014375624107661543,0.002756942447898021,0.002756942447898021,0.014241915192757417,0.0156733003100012,0.0004216124181352297,0.0004216124181352297,0.018287048653691924,0.0004216124181352297,0.018287048653691924,0.002159470788020819,0.014571720954413682,0.014241915192757417,0.01353182506604838,0.015468565834946378,0.01799429748615138,0.01774612137161884,0.014241915192757417,0.014241915192757417,0.014241915192757417,0.01465888473072153,0.013757280541387666,0.01621242053144018,0.01853191140759564,0.014241915192757417,0.014241915192757417,0.019796468411957424,0.01788096507147976,0.0156733003100012,0.014241915192757417,0.017175946017010377,0.0004216124181352297,0.0004216124181352297,0.0004216124181352297,0.018287048653691924,0.002159470788020819,0.018287048653691924,0.020519694494559784,0.015440334849244236,0.0024265958376505532
18,0.01448023142560392,0.015445542677675938,0.018694261158952077,0.004080964868230133,0.0023405126578992397,0.01311021264791315,0.0018545394365268785,0.01311021264791315,0.0048809938444374585,0.0018545394365268785,0.01448023142560392,0.01448023142560392,0.01311021264791315,0.0048809938444374585,0.0031718014121906828,0.013204998071276562,0.014848071017798736,0.01353182506604838,0.0,0.0008358603835029509,0.0011656661451592168,0.0008358603835029509,0.004482136307852992,0.006499601659166479,0.0008358603835029509,0.00280636572218571,0.001217718567410888,0.001217718567410888,0.0008358603835029509,0.0051258565983411716,0.00280636572218571,0.00027239512713101485,0.0012528299214670635,0.0008358603835029509,0.0008358603835029509,0.006146971262712404,0.006363101132776087,0.002171699082155432,0.01448023142560392,0.01448023142560392,0.01448023142560392,0.004080964868230133,0.013204998071276562,0.0031718014121906828,0.01353182506604838,0.0018545394365268785,0.0018545394365268785,0.018694261158952077,0.0023405126578992397,0.00274442775428625,0.015445542677675938,0.015445542677675938,0.0008358603835029509,0.0023405126578992397,0.01311021264791315,0.01311021264791315,0.0048809938444374585,0.01311021264791315,0.0048809938444374585,0.014848071017798736,0.0011656661451592168,0.0008358603835029509,0.0,0.002171699082155432,0.006363101132776087,0.006146971262712404,0.0008358603835029509,0.0008358603835029509,0.0008358603835029509,0.0012528299214670635,0.00027239512713101485,0.00280636572218571,0.0051258565983411716,0.0008358603835029509,0.0008358603835029509,0.006499601659166479,0.004482136307852992,0.0023405126578992397,0.0008358603835029509,0.0037698912077559076,0.01311021264791315,0.01311021264791315,0.01311021264791315,0.0048809938444374585,0.014848071017798736,0.0048809938444374585,0.008583050622848604,0.0020342800399897687,0.015115196067428472
19,0.01519032155231296,0.01615563280438498,0.01940435128566112,0.004791054994939175,0.0015046522743962889,0.013820302774622189,0.0025212925942911385,0.013820302774622189,0.0040451334609345095,0.0025212925942911385,0.01519032155231296,0.01519032155231296,0.013820302774622189,0.0040451334609345095,0.0038818915388997245,0.013915088197985601,0.015558161144507776,0.014241915192757417,0.0008358603835029509,0.0,0.0003298057616562659,0.0,0.0036462759243500406,0.007166354816930738,0.0,0.0019705053386827594,0.0003818581839079372,0.0003818581839079372,0.0,0.004289996214838221,0.0019705053386827594,0.0005764328296185004,0.0004169695379641124,0.0,0.0,0.006857061389421444,0.006987373290189732,0.0028384522399196917,0.01519032155231296,0.01519032155231296,0.01519032155231296,0.004791054994939175,0.013915088197985601,0.0038818915388997245,0.014241915192757417,0.0025212925942911385,0.0025212925942911385,0.01940435128566112,0.0015046522743962889,0.0034545178809952913,0.01615563280438498,0.01615563280438498,0.0,0.0015046522743962889,0.013820302774622189,0.013820302774622189,0.0040451334609345095,0.013820302774622189,0.0040451334609345095,0.015558161144507776,0.0003298057616562659,0.0,0.0008358603835029509,0.0028384522399196917,0.006987373290189732,0.006857061389421444,0.0,0.0,0.0,0.0004169695379641124,0.0005764328296185004,0.0019705053386827594,0.004289996214838221,0.0,0.0,0.007166354816930738,0.0036462759243500406,0.0015046522743962889,0.0,0.0029340308242529556,0.013820302774622189,0.013820302774622189,0.013820302774622189,0.0040451334609345095,0.015558161144507776,0.0040451334609345095,0.008241599932494693,0.0011984196564868176,0.015825286194137513
20,0.015520127313969227,0.015840893833034615,0.019734157047317385,0.00512086075659544,0.0018344580360525548,0.014150108536278455,0.002850977787837213,0.014150108536278455,0.0037153276992782426,0.002850977787837213,0.015520127313969227,0.015520127313969227,0.014150108536278455,0.0037153276992782426,0.00421169730055599,0.014244893959641866,0.01588796690616404,0.014571720954413682,0.0011656661451592168,0.0003298057616562659,0.0,0.0003298057616562659,0.003976081686006307,0.007496040010476814,0.0003298057616562659,0.002300311100339025,0.0007116639455642031,0.0007116639455642031,0.0003298057616562659,0.003967550852136948,0.002300311100339025,0.0009062385912747663,0.0007467752996203783,0.0003298057616562659,0.0003298057616562659,0.007085097975160624,0.007215409875928913,0.002521477696179939,0.015520127313969227,0.015520127313969227,0.015520127313969227,0.00512086075659544,0.014244893959641866,0.00421169730055599,0.014571720954413682,0.002850977787837213,0.002850977787837213,0.019734157047317385,0.0018344580360525548,0.003682554466734473,0.015840893833034615,0.015840893833034615,0.0003298057616562659,0.0018344580360525548,0.014150108536278455,0.014150108536278455,0.0037153276992782426,0.014150108536278455,0.0037153276992782426,0.01588796690616404,0.0,0.0003298057616562659,0.0011656661451592168,0.002521477696179939,0.007215409875928913,0.007085097975160624,0.0003298057616562659,0.0003298057616562659,0.0003298057616562659,0.0007467752996203783,0.0009062385912747663,0.002300311100339025,0.003967550852136948,0.0003298057616562659,0.0003298057616562659,0.007496040010476814,0.003976081686006307,0.0018344580360525548,0.0003298057616562659,0.0032638365859092217,0.014150108536278455,0.014150108536278455,0.014150108536278455,0.0037153276992782426,0.01588796690616404,0.0037153276992782426,0.007940232848796223,0.0015282254181430836,0.016155091955793777
21,0.01519032155231296,0.01615563280438498,0.01940435128566112,0.004791054994939175,0.0015046522743962889,0.013820302774622189,0.0025212925942911385,0.013820302774622189,0.0040451334609345095,0.0025212925942911385,0.01519032155231296,0.01519032155231296,0.013820302774622189,0.0040451334609345095,0.0038818915388997245,0.013915088197985601,0.015558161144507776,0.014241915192757417,0.0008358603835029509,0.0,0.0003298057616562659,0.0,0.0036462759243500406,0.007166354816930738,0.0,0.0019705053386827594,0.0003818581839079372,0.0003818581839079372,0.0,0.004289996214838221,0.0019705053386827594,0.0005764328296185004,0.0004169695379641124,0.0,0.0,0.006857061389421444,0.006987373290189732,0.0028384522399196917,0.01519032155231296,0.01519032155231296,0.01519032155231296,0.004791054994939175,0.013915088197985601,0.0038818915388997245,0.014241915192757417,0.0025212925942911385,0.0025212925942911385,0.01940435128566112,0.0015046522743962889,0.0034545178809952913,0.01615563280438498,0.01615563280438498,0.0,0.0015046522743962889,0.013820302774622189,0.013820302774622189,0.0040451334609345095,0.013820302774622189,0.0040451334609345095,0.015558161144507776,0.0003298057616562659,0.0,0.0008358603835029509,0.0028384522399196917,0.006987373290189732,0.006857061389421444,0.0,0.0,0.0,0.0004169695379641124,0.0005764328296185004,0.0019705053386827594,0.004289996214838221,0.0,0.0,0.007166354816930738,0.0036462759243500406,0.0015046522743962889,0.0,0.0029340308242529556,0.013820302774622189,0.013820302774622189,0.013820302774622189,0.0040451334609345095,0.015558161144507776,0.0040451334609345095,0.008241599932494693,0.0011984196564868176,0.015825286194137513
