run ./color_L1.py

color_L1 pdb/1ruz.pdb,63 67 106 107 120 150 155 174 179 180 203 205 208 282 318 415 500, red,1,1
color_L1 pdb/1ruz.pdb,8 48 64 146 148 157 167 201 268 272 283 284 299 303 304 421, yellow, 1,0


set ray_opaque_background, 0

#show surface

### cut below here and paste into script ###
set_view (\
    -0.369117439,    0.502643943,    0.781719923,\
     0.567749918,   -0.543976426,    0.617852807,\
     0.735801637,    0.671887159,   -0.084585808,\
    -0.000552207,   -0.000250354, -406.876342773,\
    26.569091797,  103.128158569,   41.886680603,\
   350.275970459,  463.393707275,  -20.000000000 )
### cut above here and paste into script ###

png figs/iratnosurf_all0.png, dpi=500, ray=1


### cut below here and paste into script ###
set_view (\
     0.767445922,    0.590233505,   -0.250261575,\
    -0.087211363,   -0.290627509,   -0.952850759,\
    -0.635140121,    0.753089905,   -0.171567246,\
    -0.000552207,   -0.000250354, -406.876342773,\
    26.569091797,  103.128158569,   41.886680603,\
   350.275970459,  463.393707275,  -20.000000000 )
### cut above here and paste into script ###


png figs/iratnosurf_all1.png, dpi=500, ray=1


### cut below here and paste into script ###
set_view (\
     0.783726215,    0.264176100,    0.562107265,\
     0.075246021,    0.857972443,   -0.508150041,\
    -0.616516948,    0.440548718,    0.652538776,\
    -0.000552207,   -0.000250354, -406.876342773,\
    26.569091797,  103.128158569,   41.886680603,\
   350.275970459,  463.393707275,  -20.000000000 )
### cut above here and paste into script ###

png figs/iratnosurf_all2.png, dpi=500, ray=1


### cut below here and paste into script ###
set_view (\
     0.360190630,    0.417017072,    0.834467471,\
     0.804233491,   -0.592093527,   -0.051255286,\
     0.472710431,    0.689570665,   -0.548648596,\
    -0.000552207,   -0.000250354, -406.876342773,\
    26.569091797,  103.128158569,   41.886680603,\
   350.275970459,  463.393707275,  -20.000000000 )
### cut above here and paste into script ###

show surface


set_view (\
     0.437985450,    0.342558742,    0.831153452,\
     0.825026393,   -0.520381212,   -0.220283955,\
     0.357056171,    0.782211483,   -0.510542572,\
     0.000000000,    0.000000000, -438.062805176,\
    30.206069946,   99.011039734,   44.933494568,\
   301.992126465,  574.133422852,  -20.000000000 )
### cut above here and paste into script ###

png figs/iratsurf_all0.png, dpi=500, ray=1

quit