,0,1,2,3,4,5,6,7,8,9,10,11,12,13,14,15,16,17,18,19,20,21,22,23,24,25,26,27,28,29,30,31,32,33,34,35,36,37,38,39,40,41,42,43,44,45,46,47,48,49,50,51,52,53,54,55,56,57,58,59,60,61,62,63,64,65,66,67,68,69,70,71,72,73,74,75,76,77,78,79,80,81,82,83,84,85
0,0.0,0.002477658577493238,0.0035732179748052748,0.0,0.007940775275545067,0.0,0.0,0.0002917123615416658,0.0035732179748052748,0.0,0.0035732179748052748,0.0,0.0035732179748052748,0.0017755068802559526,0.0035732179748052748,0.0,0.0035732179748052748,0.0012341336708260623,0.0025410118873442104,0.0,0.00021327140953037523,0.0003139927174284071,0.0011527206160349714,0.0031720154837416407,0.0,0.005055850552128837,0.010994286512045143,0.06258266188135808,0.010981482161985896,0.002119509598231961,0.002119509598231961,0.0,0.00021327140953037523,0.0,0.0025410118873442104,0.0031720154837416407,0.0,0.0,0.0,0.0,0.0,0.0011527206160349714,0.0,0.002477658577493238,0.0017755068802559526,0.0035732179748052748,0.007940775275545067,0.0002917123615416658,0.0035732179748052748,0.0003139927174284071,0.005055850552128837,0.003910172221047401,0.0035732179748052748,0.0,0.0012341336708260623,0.0035732179748052748,0.0035732179748052748,0.0035732179748052748,0.0035732179748052748,0.0,0.0035732179748052748,0.0002917123615416658,0.0035732179748052748,0.0,0.0035732179748052748,0.0035732179748052748,0.0035732179748052748,0.0035732179748052748,0.0012341336708260623,0.0003139927174284071,0.06258266188135808,0.010994286512045143,0.010981482161985896,0.002119509598231961,0.002119509598231961,0.06471431902564397,0.0035732179748052748,0.0035732179748052748,0.0002917123615416658,0.0003139927174284071,0.0012341336708260623,0.0035732179748052748,0.0,0.0035732179748052748,0.0035732179748052748,0.0035732179748052748
1,0.002477658577493238,0.0,0.005988913327178943,0.002477658577493238,0.009876636212874617,0.002477658577493238,0.002477658577493238,0.002546922517615571,0.005988913327178943,0.002477658577493238,0.005988913327178943,0.002477658577493238,0.005988913327178943,0.00424809537468795,0.005988913327178943,0.002477658577493238,0.005988913327178943,0.0037091826318493555,0.005018575308583859,0.002477658577493238,0.0026909299870236138,0.0027406847386262524,0.0036303791935282065,0.005583510579304141,0.002477658577493238,0.007471556492300908,0.0133216465332858,0.06476387359715227,0.013308842183226555,0.004594888723910941,0.004594888723910941,0.002477658577493238,0.0026909299870236138,0.002477658577493238,0.005018575308583859,0.005583510579304141,0.002477658577493238,0.002477658577493238,0.002477658577493238,0.002477658577493238,0.002477658577493238,0.0036303791935282065,0.002477658577493238,0.0,0.00424809537468795,0.005988913327178943,0.009876636212874617,0.002546922517615571,0.005988913327178943,0.0027406847386262524,0.007471556492300908,0.006191828101381752,0.005988913327178943,0.002477658577493238,0.0037091826318493555,0.005988913327178943,0.005988913327178943,0.005988913327178943,0.005988913327178943,0.002477658577493238,0.005988913327178943,0.002546922517615571,0.005988913327178943,0.002477658577493238,0.005988913327178943,0.005988913327178943,0.005988913327178943,0.005988913327178943,0.0037091826318493555,0.0027406847386262524,0.06476387359715227,0.0133216465332858,0.013308842183226555,0.004594888723910941,0.004594888723910941,0.06654794301885937,0.005988913327178943,0.005988913327178943,0.002546922517615571,0.0027406847386262524,0.0037091826318493555,0.005988913327178943,0.002477658577493238,0.005988913327178943,0.005988913327178943,0.005988913327178943
2,0.0035732179748052748,0.005988913327178943,0.0,0.0035732179748052748,0.0044590925271635815,0.0035732179748052748,0.0035732179748052748,0.003851280396824462,0.0,0.0035732179748052748,0.0,0.0035732179748052748,0.0,0.005348723282395081,0.0,0.0035732179748052748,0.0,0.004784340420288562,0.006070933615594397,0.0035732179748052748,0.003750081842168318,0.003887015406540648,0.004707558131126239,0.006683559409454244,0.0035732179748052748,0.002054826943951303,0.010210199252258483,0.06213316475676524,0.01041864222075103,0.0014653796223660271,0.0014653796223660271,0.0035732179748052748,0.003750081842168318,0.0035732179748052748,0.006070933615594397,0.006683559409454244,0.0035732179748052748,0.0035732179748052748,0.0035732179748052748,0.0035732179748052748,0.0035732179748052748,0.004707558131126239,0.0035732179748052748,0.005988913327178943,0.005348723282395081,0.0,0.0044590925271635815,0.003851280396824462,0.0,0.003887015406540648,0.002054826943951303,0.0003820915621469465,0.0,0.0035732179748052748,0.004784340420288562,0.0,0.0,0.0,0.0,0.0035732179748052748,0.0,0.003851280396824462,0.0,0.0035732179748052748,0.0,0.0,0.0,0.0,0.004784340420288562,0.003887015406540648,0.06213316475676524,0.010210199252258483,0.01041864222075103,0.0014653796223660271,0.0014653796223660271,0.06402309111726928,0.0,0.0,0.003851280396824462,0.003887015406540648,0.004784340420288562,0.0,0.0035732179748052748,0.0,0.0,0.0
3,0.0,0.002477658577493238,0.0035732179748052748,0.0,0.007940775275545067,0.0,0.0,0.0002917123615416658,0.0035732179748052748,0.0,0.0035732179748052748,0.0,0.0035732179748052748,0.0017755068802559526,0.0035732179748052748,0.0,0.0035732179748052748,0.0012341336708260623,0.0025410118873442104,0.0,0.00021327140953037523,0.0003139927174284071,0.0011527206160349714,0.0031720154837416407,0.0,0.005055850552128837,0.010994286512045143,0.06258266188135808,0.010981482161985896,0.002119509598231961,0.002119509598231961,0.0,0.00021327140953037523,0.0,0.0025410118873442104,0.0031720154837416407,0.0,0.0,0.0,0.0,0.0,0.0011527206160349714,0.0,0.002477658577493238,0.0017755068802559526,0.0035732179748052748,0.007940775275545067,0.0002917123615416658,0.0035732179748052748,0.0003139927174284071,0.005055850552128837,0.003910172221047401,0.0035732179748052748,0.0,0.0012341336708260623,0.0035732179748052748,0.0035732179748052748,0.0035732179748052748,0.0035732179748052748,0.0,0.0035732179748052748,0.0002917123615416658,0.0035732179748052748,0.0,0.0035732179748052748,0.0035732179748052748,0.0035732179748052748,0.0035732179748052748,0.0012341336708260623,0.0003139927174284071,0.06258266188135808,0.010994286512045143,0.010981482161985896,0.002119509598231961,0.002119509598231961,0.06471431902564397,0.0035732179748052748,0.0035732179748052748,0.0002917123615416658,0.0003139927174284071,0.0012341336708260623,0.0035732179748052748,0.0,0.0035732179748052748,0.0035732179748052748,0.0035732179748052748
4,0.007940775275545067,0.009876636212874617,0.0044590925271635815,0.007940775275545067,0.0,0.007940775275545067,0.007940775275545067,0.008023842266450483,0.0044590925271635815,0.007940775275545067,0.0044590925271635815,0.007940775275545067,0.0044590925271635815,0.009716280794336342,0.0044590925271635815,0.007940775275545067,0.0044590925271635815,0.0085470323858972,0.010423199252903081,0.007940775275545067,0.008110359949797282,0.008254489120516606,0.00907511543186604,0.011027439837108563,0.007940775275545067,0.006428497082812787,0.014488780924494564,0.06375787692612553,0.01469722389298712,0.005832937227332213,0.005832937227332213,0.007940775275545067,0.008110359949797282,0.007940775275545067,0.010423199252903081,0.011027439837108563,0.007940775275545067,0.007940775275545067,0.007940775275545067,0.007940775275545067,0.007940775275545067,0.00907511543186604,0.007940775275545067,0.009876636212874617,0.009716280794336342,0.0044590925271635815,0.0,0.008023842266450483,0.0044590925271635815,0.008254489120516606,0.006428497082812787,0.004639354544567862,0.0044590925271635815,0.007940775275545067,0.0085470323858972,0.0044590925271635815,0.0044590925271635815,0.0044590925271635815,0.0044590925271635815,0.007940775275545067,0.0044590925271635815,0.008023842266450483,0.0044590925271635815,0.007940775275545067,0.0044590925271635815,0.0044590925271635815,0.0044590925271635815,0.0044590925271635815,0.0085470323858972,0.008254489120516606,0.06375787692612553,0.014488780924494564,0.01469722389298712,0.005832937227332213,0.005832937227332213,0.06261849240135367,0.0044590925271635815,0.0044590925271635815,0.008023842266450483,0.008254489120516606,0.0085470323858972,0.0044590925271635815,0.007940775275545067,0.0044590925271635815,0.0044590925271635815,0.0044590925271635815
5,0.0,0.002477658577493238,0.0035732179748052748,0.0,0.007940775275545067,0.0,0.0,0.0002917123615416658,0.0035732179748052748,0.0,0.0035732179748052748,0.0,0.0035732179748052748,0.0017755068802559526,0.0035732179748052748,0.0,0.0035732179748052748,0.0012341336708260623,0.0025410118873442104,0.0,0.00021327140953037523,0.0003139927174284071,0.0011527206160349714,0.0031720154837416407,0.0,0.005055850552128837,0.010994286512045143,0.06258266188135808,0.010981482161985896,0.002119509598231961,0.002119509598231961,0.0,0.00021327140953037523,0.0,0.0025410118873442104,0.0031720154837416407,0.0,0.0,0.0,0.0,0.0,0.0011527206160349714,0.0,0.002477658577493238,0.0017755068802559526,0.0035732179748052748,0.007940775275545067,0.0002917123615416658,0.0035732179748052748,0.0003139927174284071,0.005055850552128837,0.003910172221047401,0.0035732179748052748,0.0,0.0012341336708260623,0.0035732179748052748,0.0035732179748052748,0.0035732179748052748,0.0035732179748052748,0.0,0.0035732179748052748,0.0002917123615416658,0.0035732179748052748,0.0,0.0035732179748052748,0.0035732179748052748,0.0035732179748052748,0.0035732179748052748,0.0012341336708260623,0.0003139927174284071,0.06258266188135808,0.010994286512045143,0.010981482161985896,0.002119509598231961,0.002119509598231961,0.06471431902564397,0.0035732179748052748,0.0035732179748052748,0.0002917123615416658,0.0003139927174284071,0.0012341336708260623,0.0035732179748052748,0.0,0.0035732179748052748,0.0035732179748052748,0.0035732179748052748
6,0.0,0.002477658577493238,0.0035732179748052748,0.0,0.007940775275545067,0.0,0.0,0.0002917123615416658,0.0035732179748052748,0.0,0.0035732179748052748,0.0,0.0035732179748052748,0.0017755068802559526,0.0035732179748052748,0.0,0.0035732179748052748,0.0012341336708260623,0.0025410118873442104,0.0,0.00021327140953037523,0.0003139927174284071,0.0011527206160349714,0.0031720154837416407,0.0,0.005055850552128837,0.010994286512045143,0.06258266188135808,0.010981482161985896,0.002119509598231961,0.002119509598231961,0.0,0.00021327140953037523,0.0,0.0025410118873442104,0.0031720154837416407,0.0,0.0,0.0,0.0,0.0,0.0011527206160349714,0.0,0.002477658577493238,0.0017755068802559526,0.0035732179748052748,0.007940775275545067,0.0002917123615416658,0.0035732179748052748,0.0003139927174284071,0.005055850552128837,0.003910172221047401,0.0035732179748052748,0.0,0.0012341336708260623,0.0035732179748052748,0.0035732179748052748,0.0035732179748052748,0.0035732179748052748,0.0,0.0035732179748052748,0.0002917123615416658,0.0035732179748052748,0.0,0.0035732179748052748,0.0035732179748052748,0.0035732179748052748,0.0035732179748052748,0.0012341336708260623,0.0003139927174284071,0.06258266188135808,0.010994286512045143,0.010981482161985896,0.002119509598231961,0.002119509598231961,0.06471431902564397,0.0035732179748052748,0.0035732179748052748,0.0002917123615416658,0.0003139927174284071,0.0012341336708260623,0.0035732179748052748,0.0,0.0035732179748052748,0.0035732179748052748,0.0035732179748052748
7,0.0002917123615416658,0.002546922517615571,0.003851280396824462,0.0002917123615416658,0.008023842266450483,0.0002917123615416658,0.0002917123615416658,0.0,0.003851280396824462,0.0002917123615416658,0.003851280396824462,0.0002917123615416658,0.003851280396824462,0.0020672185000297437,0.003851280396824462,0.0002917123615416658,0.003851280396824462,0.0015258460323677267,0.002830379657880336,0.0002917123615416658,0.0005049837710720405,0.0006057050789700725,0.0014444329775766367,0.00346372644857458,0.0002917123615416658,0.0053339129741480145,0.011273357440603133,0.06286255194383189,0.011260553090543888,0.002411220565078886,0.002411220565078886,0.0002917123615416658,0.0005049837710720405,0.0002917123615416658,0.002830379657880336,0.00346372644857458,0.0002917123615416658,0.0002917123615416658,0.0002917123615416658,0.0002917123615416658,0.0002917123615416658,0.0014444329775766367,0.0002917123615416658,0.002546922517615571,0.0020672185000297437,0.003851280396824462,0.008023842266450483,0.0,0.003851280396824462,0.0006057050789700725,0.0053339129741480145,0.004188234181206959,0.003851280396824462,0.0002917123615416658,0.0015258460323677267,0.003851280396824462,0.003851280396824462,0.003851280396824462,0.003851280396824462,0.0002917123615416658,0.003851280396824462,0.0,0.003851280396824462,0.0002917123615416658,0.003851280396824462,0.003851280396824462,0.003851280396824462,0.003851280396824462,0.0015258460323677267,0.0006057050789700725,0.06286255194383189,0.011273357440603133,0.011260553090543888,0.002411220565078886,0.002411220565078886,0.06467520101054582,0.003851280396824462,0.003851280396824462,0.0,0.0006057050789700725,0.0015258460323677267,0.003851280396824462,0.0002917123615416658,0.003851280396824462,0.003851280396824462,0.003851280396824462
8,0.0035732179748052748,0.005988913327178943,0.0,0.0035732179748052748,0.0044590925271635815,0.0035732179748052748,0.0035732179748052748,0.003851280396824462,0.0,0.0035732179748052748,0.0,0.0035732179748052748,0.0,0.005348723282395081,0.0,0.0035732179748052748,0.0,0.004784340420288562,0.006070933615594397,0.0035732179748052748,0.003750081842168318,0.003887015406540648,0.004707558131126239,0.006683559409454244,0.0035732179748052748,0.002054826943951303,0.010210199252258483,0.06213316475676524,0.01041864222075103,0.0014653796223660271,0.0014653796223660271,0.0035732179748052748,0.003750081842168318,0.0035732179748052748,0.006070933615594397,0.006683559409454244,0.0035732179748052748,0.0035732179748052748,0.0035732179748052748,0.0035732179748052748,0.0035732179748052748,0.004707558131126239,0.0035732179748052748,0.005988913327178943,0.005348723282395081,0.0,0.0044590925271635815,0.003851280396824462,0.0,0.003887015406540648,0.002054826943951303,0.0003820915621469465,0.0,0.0035732179748052748,0.004784340420288562,0.0,0.0,0.0,0.0,0.0035732179748052748,0.0,0.003851280396824462,0.0,0.0035732179748052748,0.0,0.0,0.0,0.0,0.004784340420288562,0.003887015406540648,0.06213316475676524,0.010210199252258483,0.01041864222075103,0.0014653796223660271,0.0014653796223660271,0.06402309111726928,0.0,0.0,0.003851280396824462,0.003887015406540648,0.004784340420288562,0.0,0.0035732179748052748,0.0,0.0,0.0
9,0.0,0.002477658577493238,0.0035732179748052748,0.0,0.007940775275545067,0.0,0.0,0.0002917123615416658,0.0035732179748052748,0.0,0.0035732179748052748,0.0,0.0035732179748052748,0.0017755068802559526,0.0035732179748052748,0.0,0.0035732179748052748,0.0012341336708260623,0.0025410118873442104,0.0,0.00021327140953037523,0.0003139927174284071,0.0011527206160349714,0.0031720154837416407,0.0,0.005055850552128837,0.010994286512045143,0.06258266188135808,0.010981482161985896,0.002119509598231961,0.002119509598231961,0.0,0.00021327140953037523,0.0,0.0025410118873442104,0.0031720154837416407,0.0,0.0,0.0,0.0,0.0,0.0011527206160349714,0.0,0.002477658577493238,0.0017755068802559526,0.0035732179748052748,0.007940775275545067,0.0002917123615416658,0.0035732179748052748,0.0003139927174284071,0.005055850552128837,0.003910172221047401,0.0035732179748052748,0.0,0.0012341336708260623,0.0035732179748052748,0.0035732179748052748,0.0035732179748052748,0.0035732179748052748,0.0,0.0035732179748052748,0.0002917123615416658,0.0035732179748052748,0.0,0.0035732179748052748,0.0035732179748052748,0.0035732179748052748,0.0035732179748052748,0.0012341336708260623,0.0003139927174284071,0.06258266188135808,0.010994286512045143,0.010981482161985896,0.002119509598231961,0.002119509598231961,0.06471431902564397,0.0035732179748052748,0.0035732179748052748,0.0002917123615416658,0.0003139927174284071,0.0012341336708260623,0.0035732179748052748,0.0,0.0035732179748052748,0.0035732179748052748,0.0035732179748052748
10,0.0035732179748052748,0.005988913327178943,0.0,0.0035732179748052748,0.0044590925271635815,0.0035732179748052748,0.0035732179748052748,0.003851280396824462,0.0,0.0035732179748052748,0.0,0.0035732179748052748,0.0,0.005348723282395081,0.0,0.0035732179748052748,0.0,0.004784340420288562,0.006070933615594397,0.0035732179748052748,0.003750081842168318,0.003887015406540648,0.004707558131126239,0.006683559409454244,0.0035732179748052748,0.002054826943951303,0.010210199252258483,0.06213316475676524,0.01041864222075103,0.0014653796223660271,0.0014653796223660271,0.0035732179748052748,0.003750081842168318,0.0035732179748052748,0.006070933615594397,0.006683559409454244,0.0035732179748052748,0.0035732179748052748,0.0035732179748052748,0.0035732179748052748,0.0035732179748052748,0.004707558131126239,0.0035732179748052748,0.005988913327178943,0.005348723282395081,0.0,0.0044590925271635815,0.003851280396824462,0.0,0.003887015406540648,0.002054826943951303,0.0003820915621469465,0.0,0.0035732179748052748,0.004784340420288562,0.0,0.0,0.0,0.0,0.0035732179748052748,0.0,0.003851280396824462,0.0,0.0035732179748052748,0.0,0.0,0.0,0.0,0.004784340420288562,0.003887015406540648,0.06213316475676524,0.010210199252258483,0.01041864222075103,0.0014653796223660271,0.0014653796223660271,0.06402309111726928,0.0,0.0,0.003851280396824462,0.003887015406540648,0.004784340420288562,0.0,0.0035732179748052748,0.0,0.0,0.0
11,0.0,0.002477658577493238,0.0035732179748052748,0.0,0.007940775275545067,0.0,0.0,0.0002917123615416658,0.0035732179748052748,0.0,0.0035732179748052748,0.0,0.0035732179748052748,0.0017755068802559526,0.0035732179748052748,0.0,0.0035732179748052748,0.0012341336708260623,0.0025410118873442104,0.0,0.00021327140953037523,0.0003139927174284071,0.0011527206160349714,0.0031720154837416407,0.0,0.005055850552128837,0.010994286512045143,0.06258266188135808,0.010981482161985896,0.002119509598231961,0.002119509598231961,0.0,0.00021327140953037523,0.0,0.0025410118873442104,0.0031720154837416407,0.0,0.0,0.0,0.0,0.0,0.0011527206160349714,0.0,0.002477658577493238,0.0017755068802559526,0.0035732179748052748,0.007940775275545067,0.0002917123615416658,0.0035732179748052748,0.0003139927174284071,0.005055850552128837,0.003910172221047401,0.0035732179748052748,0.0,0.0012341336708260623,0.0035732179748052748,0.0035732179748052748,0.0035732179748052748,0.0035732179748052748,0.0,0.0035732179748052748,0.0002917123615416658,0.0035732179748052748,0.0,0.0035732179748052748,0.0035732179748052748,0.0035732179748052748,0.0035732179748052748,0.0012341336708260623,0.0003139927174284071,0.06258266188135808,0.010994286512045143,0.010981482161985896,0.002119509598231961,0.002119509598231961,0.06471431902564397,0.0035732179748052748,0.0035732179748052748,0.0002917123615416658,0.0003139927174284071,0.0012341336708260623,0.0035732179748052748,0.0,0.0035732179748052748,0.0035732179748052748,0.0035732179748052748
12,0.0035732179748052748,0.005988913327178943,0.0,0.0035732179748052748,0.0044590925271635815,0.0035732179748052748,0.0035732179748052748,0.003851280396824462,0.0,0.0035732179748052748,0.0,0.0035732179748052748,0.0,0.005348723282395081,0.0,0.0035732179748052748,0.0,0.004784340420288562,0.006070933615594397,0.0035732179748052748,0.003750081842168318,0.003887015406540648,0.004707558131126239,0.006683559409454244,0.0035732179748052748,0.002054826943951303,0.010210199252258483,0.06213316475676524,0.01041864222075103,0.0014653796223660271,0.0014653796223660271,0.0035732179748052748,0.003750081842168318,0.0035732179748052748,0.006070933615594397,0.006683559409454244,0.0035732179748052748,0.0035732179748052748,0.0035732179748052748,0.0035732179748052748,0.0035732179748052748,0.004707558131126239,0.0035732179748052748,0.005988913327178943,0.005348723282395081,0.0,0.0044590925271635815,0.003851280396824462,0.0,0.003887015406540648,0.002054826943951303,0.0003820915621469465,0.0,0.0035732179748052748,0.004784340420288562,0.0,0.0,0.0,0.0,0.0035732179748052748,0.0,0.003851280396824462,0.0,0.0035732179748052748,0.0,0.0,0.0,0.0,0.004784340420288562,0.003887015406540648,0.06213316475676524,0.010210199252258483,0.01041864222075103,0.0014653796223660271,0.0014653796223660271,0.06402309111726928,0.0,0.0,0.003851280396824462,0.003887015406540648,0.004784340420288562,0.0,0.0035732179748052748,0.0,0.0,0.0
13,0.0017755068802559526,0.00424809537468795,0.005348723282395081,0.0017755068802559526,0.009716280794336342,0.0017755068802559526,0.0017755068802559526,0.0020672185000297437,0.005348723282395081,0.0017755068802559526,0.005348723282395081,0.0017755068802559526,0.005348723282395081,0.0,0.005348723282395081,0.0017755068802559526,0.005348723282395081,0.003009640551082016,0.004316518693777343,0.0017755068802559526,0.0019887782897863283,0.0020894995976843663,0.002928227496290924,0.004947522363997598,0.0017755068802559526,0.006831355859718659,0.01276979334685883,0.06434941691702446,0.01275698899679958,0.0038950164784879136,0.0038950164784879136,0.0017755068802559526,0.0019887782897863283,0.0017755068802559526,0.004316518693777343,0.004947522363997598,0.0017755068802559526,0.0017755068802559526,0.0017755068802559526,0.0017755068802559526,0.0017755068802559526,0.002928227496290924,0.0017755068802559526,0.00424809537468795,0.0,0.005348723282395081,0.009716280794336342,0.0020672185000297437,0.005348723282395081,0.0020894995976843663,0.006831355859718659,0.005685676781599784,0.005348723282395081,0.0017755068802559526,0.003009640551082016,0.005348723282395081,0.005348723282395081,0.005348723282395081,0.005348723282395081,0.0017755068802559526,0.005348723282395081,0.0020672185000297437,0.005348723282395081,0.0017755068802559526,0.005348723282395081,0.005348723282395081,0.005348723282395081,0.005348723282395081,0.003009640551082016,0.0020894995976843663,0.06434941691702446,0.01276979334685883,0.01275698899679958,0.0038950164784879136,0.0038950164784879136,0.06647620436371918,0.005348723282395081,0.005348723282395081,0.0020672185000297437,0.0020894995976843663,0.003009640551082016,0.005348723282395081,0.0017755068802559526,0.005348723282395081,0.005348723282395081,0.005348723282395081
14,0.0035732179748052748,0.005988913327178943,0.0,0.0035732179748052748,0.0044590925271635815,0.0035732179748052748,0.0035732179748052748,0.003851280396824462,0.0,0.0035732179748052748,0.0,0.0035732179748052748,0.0,0.005348723282395081,0.0,0.0035732179748052748,0.0,0.004784340420288562,0.006070933615594397,0.0035732179748052748,0.003750081842168318,0.003887015406540648,0.004707558131126239,0.006683559409454244,0.0035732179748052748,0.002054826943951303,0.010210199252258483,0.06213316475676524,0.01041864222075103,0.0014653796223660271,0.0014653796223660271,0.0035732179748052748,0.003750081842168318,0.0035732179748052748,0.006070933615594397,0.006683559409454244,0.0035732179748052748,0.0035732179748052748,0.0035732179748052748,0.0035732179748052748,0.0035732179748052748,0.004707558131126239,0.0035732179748052748,0.005988913327178943,0.005348723282395081,0.0,0.0044590925271635815,0.003851280396824462,0.0,0.003887015406540648,0.002054826943951303,0.0003820915621469465,0.0,0.0035732179748052748,0.004784340420288562,0.0,0.0,0.0,0.0,0.0035732179748052748,0.0,0.003851280396824462,0.0,0.0035732179748052748,0.0,0.0,0.0,0.0,0.004784340420288562,0.003887015406540648,0.06213316475676524,0.010210199252258483,0.01041864222075103,0.0014653796223660271,0.0014653796223660271,0.06402309111726928,0.0,0.0,0.003851280396824462,0.003887015406540648,0.004784340420288562,0.0,0.0035732179748052748,0.0,0.0,0.0
15,0.0,0.002477658577493238,0.0035732179748052748,0.0,0.007940775275545067,0.0,0.0,0.0002917123615416658,0.0035732179748052748,0.0,0.0035732179748052748,0.0,0.0035732179748052748,0.0017755068802559526,0.0035732179748052748,0.0,0.0035732179748052748,0.0012341336708260623,0.0025410118873442104,0.0,0.00021327140953037523,0.0003139927174284071,0.0011527206160349714,0.0031720154837416407,0.0,0.005055850552128837,0.010994286512045143,0.06258266188135808,0.010981482161985896,0.002119509598231961,0.002119509598231961,0.0,0.00021327140953037523,0.0,0.0025410118873442104,0.0031720154837416407,0.0,0.0,0.0,0.0,0.0,0.0011527206160349714,0.0,0.002477658577493238,0.0017755068802559526,0.0035732179748052748,0.007940775275545067,0.0002917123615416658,0.0035732179748052748,0.0003139927174284071,0.005055850552128837,0.003910172221047401,0.0035732179748052748,0.0,0.0012341336708260623,0.0035732179748052748,0.0035732179748052748,0.0035732179748052748,0.0035732179748052748,0.0,0.0035732179748052748,0.0002917123615416658,0.0035732179748052748,0.0,0.0035732179748052748,0.0035732179748052748,0.0035732179748052748,0.0035732179748052748,0.0012341336708260623,0.0003139927174284071,0.06258266188135808,0.010994286512045143,0.010981482161985896,0.002119509598231961,0.002119509598231961,0.06471431902564397,0.0035732179748052748,0.0035732179748052748,0.0002917123615416658,0.0003139927174284071,0.0012341336708260623,0.0035732179748052748,0.0,0.0035732179748052748,0.0035732179748052748,0.0035732179748052748
16,0.0035732179748052748,0.005988913327178943,0.0,0.0035732179748052748,0.0044590925271635815,0.0035732179748052748,0.0035732179748052748,0.003851280396824462,0.0,0.0035732179748052748,0.0,0.0035732179748052748,0.0,0.005348723282395081,0.0,0.0035732179748052748,0.0,0.004784340420288562,0.006070933615594397,0.0035732179748052748,0.003750081842168318,0.003887015406540648,0.004707558131126239,0.006683559409454244,0.0035732179748052748,0.002054826943951303,0.010210199252258483,0.06213316475676524,0.01041864222075103,0.0014653796223660271,0.0014653796223660271,0.0035732179748052748,0.003750081842168318,0.0035732179748052748,0.006070933615594397,0.006683559409454244,0.0035732179748052748,0.0035732179748052748,0.0035732179748052748,0.0035732179748052748,0.0035732179748052748,0.004707558131126239,0.0035732179748052748,0.005988913327178943,0.005348723282395081,0.0,0.0044590925271635815,0.003851280396824462,0.0,0.003887015406540648,0.002054826943951303,0.0003820915621469465,0.0,0.0035732179748052748,0.004784340420288562,0.0,0.0,0.0,0.0,0.0035732179748052748,0.0,0.003851280396824462,0.0,0.0035732179748052748,0.0,0.0,0.0,0.0,0.004784340420288562,0.003887015406540648,0.06213316475676524,0.010210199252258483,0.01041864222075103,0.0014653796223660271,0.0014653796223660271,0.06402309111726928,0.0,0.0,0.003851280396824462,0.003887015406540648,0.004784340420288562,0.0,0.0035732179748052748,0.0,0.0,0.0
17,0.0012341336708260623,0.0037091826318493555,0.004784340420288562,0.0012341336708260623,0.0085470323858972,0.0012341336708260623,0.0012341336708260623,0.0015258460323677267,0.004784340420288562,0.0012341336708260623,0.004784340420288562,0.0012341336708260623,0.004784340420288562,0.003009640551082016,0.004784340420288562,0.0012341336708260623,0.004784340420288562,0.0,0.003765953168769162,0.0012341336708260623,0.0014387653392734768,0.0015481263882544671,0.002386854286861034,0.004403539538097756,0.0012341336708260623,0.006266972997612121,0.012193579672951807,0.06321613153092717,0.012180775322892561,0.003330671754204345,0.003330671754204345,0.0012341336708260623,0.0014387653392734768,0.0012341336708260623,0.003765953168769162,0.004403539538097756,0.0012341336708260623,0.0012341336708260623,0.0012341336708260623,0.0012341336708260623,0.0012341336708260623,0.002386854286861034,0.0012341336708260623,0.0037091826318493555,0.003009640551082016,0.004784340420288562,0.0085470323858972,0.0015258460323677267,0.004784340420288562,0.0015481263882544671,0.006266972997612121,0.005121268267578445,0.004784340420288562,0.0012341336708260623,0.0,0.004784340420288562,0.004784340420288562,0.004784340420288562,0.004784340420288562,0.0012341336708260623,0.004784340420288562,0.0015258460323677267,0.004784340420288562,0.0012341336708260623,0.004784340420288562,0.004784340420288562,0.004784340420288562,0.004784340420288562,0.0,0.0015481263882544671,0.06321613153092717,0.012193579672951807,0.012180775322892561,0.003330671754204345,0.003330671754204345,0.06419693909456882,0.004784340420288562,0.004784340420288562,0.0015258460323677267,0.0015481263882544671,0.0,0.004784340420288562,0.0012341336708260623,0.004784340420288562,0.004784340420288562,0.004784340420288562
18,0.0025410118873442104,0.005018575308583859,0.006070933615594397,0.0025410118873442104,0.010423199252903081,0.0025410118873442104,0.0025410118873442104,0.002830379657880336,0.006070933615594397,0.0025410118873442104,0.006070933615594397,0.0025410118873442104,0.006070933615594397,0.004316518693777343,0.006070933615594397,0.0025410118873442104,0.006070933615594397,0.003765953168769162,0.0,0.0025410118873442104,0.0027472893434911452,0.002656524300323926,0.0016773819721299511,0.005713003476361061,0.0025410118873442104,0.00755359119799843,0.01330399590813365,0.0650100063181783,0.013291191558074403,0.0046222172875556465,0.0046222172875556465,0.0025410118873442104,0.0027472893434911452,0.0025410118873442104,0.0,0.005713003476361061,0.0025410118873442104,0.0025410118873442104,0.0025410118873442104,0.0025410118873442104,0.0025410118873442104,0.0016773819721299511,0.0025410118873442104,0.005018575308583859,0.004316518693777343,0.006070933615594398,0.010423199252903081,0.002830379657880336,0.006070933615594398,0.002656524300323926,0.00755359119799843,0.006407739963970845,0.006070933615594398,0.0025410118873442104,0.003765953168769162,0.006070933615594398,0.006070933615594398,0.006070933615594398,0.006070933615594398,0.0025410118873442104,0.006070933615594398,0.002830379657880336,0.006070933615594398,0.0025410118873442104,0.006070933615594398,0.006070933615594398,0.006070933615594398,0.006070933615594398,0.003765953168769162,0.002656524300323926,0.0650100063181783,0.01330399590813365,0.013291191558074403,0.0046222172875556465,0.0046222172875556465,0.06488489665837929,0.006070933615594398,0.006070933615594398,0.002830379657880336,0.002656524300323926,0.003765953168769162,0.006070933615594398,0.0025410118873442104,0.006070933615594398,0.006070933615594398,0.006070933615594398
19,0.0,0.002477658577493238,0.0035732179748052748,0.0,0.007940775275545067,0.0,0.0,0.0002917123615416658,0.0035732179748052748,0.0,0.0035732179748052748,0.0,0.0035732179748052748,0.0017755068802559526,0.0035732179748052748,0.0,0.0035732179748052748,0.0012341336708260623,0.0025410118873442104,0.0,0.00021327140953037523,0.0003139927174284071,0.0011527206160349714,0.0031720154837416407,0.0,0.005055850552128837,0.010994286512045143,0.06258266188135808,0.010981482161985896,0.002119509598231961,0.002119509598231961,0.0,0.00021327140953037523,0.0,0.0025410118873442104,0.0031720154837416407,0.0,0.0,0.0,0.0,0.0,0.0011527206160349714,0.0,0.002477658577493238,0.0017755068802559526,0.0035732179748052748,0.007940775275545067,0.0002917123615416658,0.0035732179748052748,0.0003139927174284071,0.005055850552128837,0.003910172221047401,0.0035732179748052748,0.0,0.0012341336708260623,0.0035732179748052748,0.0035732179748052748,0.0035732179748052748,0.0035732179748052748,0.0,0.0035732179748052748,0.0002917123615416658,0.0035732179748052748,0.0,0.0035732179748052748,0.0035732179748052748,0.0035732179748052748,0.0035732179748052748,0.0012341336708260623,0.0003139927174284071,0.06258266188135808,0.010994286512045143,0.010981482161985896,0.002119509598231961,0.002119509598231961,0.06471431902564397,0.0035732179748052748,0.0035732179748052748,0.0002917123615416658,0.0003139927174284071,0.0012341336708260623,0.0035732179748052748,0.0,0.0035732179748052748,0.0035732179748052748,0.0035732179748052748
20,0.00021327140953037523,0.0026909299870236138,0.003750081842168318,0.00021327140953037523,0.008110359949797282,0.00021327140953037523,0.00021327140953037523,0.0005049837710720405,0.003750081842168318,0.00021327140953037523,0.003750081842168318,0.00021327140953037523,0.003750081842168318,0.0019887782897863283,0.003750081842168318,0.00021327140953037523,0.003750081842168318,0.0014387653392734768,0.0027472893434911452,0.00021327140953037523,0.0,0.0005272641269587827,0.0013659920255653473,0.0033852856516456233,0.00021327140953037523,0.005232714419491881,0.011171161804429876,0.06275941097282288,0.011158357454370629,0.0022963920745613623,0.0022963920745613623,0.00021327140953037523,0.0,0.00021327140953037523,0.0027472893434911452,0.0033852856516456233,0.00021327140953037523,0.00021327140953037523,0.00021327140953037523,0.00021327140953037523,0.00021327140953037523,0.0013659920255653473,0.00021327140953037523,0.0026909299870236138,0.0019887782897863283,0.003750081842168318,0.008110359949797282,0.0005049837710720405,0.003750081842168318,0.0005272641269587827,0.005232714419491881,0.004087036088410444,0.003750081842168318,0.00021327140953037523,0.0014387653392734768,0.003750081842168318,0.003750081842168318,0.003750081842168318,0.003750081842168318,0.00021327140953037523,0.003750081842168318,0.0005049837710720405,0.003750081842168318,0.00021327140953037523,0.003750081842168318,0.003750081842168318,0.003750081842168318,0.003750081842168318,0.0014387653392734768,0.0005272641269587827,0.06275941097282288,0.011171161804429876,0.011158357454370629,0.0022963920745613623,0.0022963920745613623,0.06450981444563422,0.003750081842168318,0.003750081842168318,0.0005049837710720405,0.0005272641269587827,0.0014387653392734768,0.003750081842168318,0.00021327140953037523,0.003750081842168318,0.003750081842168318,0.003750081842168318
21,0.0003139927174284071,0.0027406847386262524,0.003887015406540648,0.0003139927174284071,0.008254489120516606,0.0003139927174284071,0.0003139927174284071,0.0006057050789700725,0.003887015406540648,0.0003139927174284071,0.003887015406540648,0.0003139927174284071,0.003887015406540648,0.0020894995976843663,0.003887015406540648,0.0003139927174284071,0.003887015406540648,0.0015481263882544671,0.002656524300323926,0.0003139927174284071,0.0005272641269587827,0.0,0.00146671333346338,0.003486006483905255,0.0003139927174284071,0.005369759733667941,0.01116006981934961,0.06286908721600432,0.011147265469290365,0.00243350231566037,0.00243350231566037,0.0003139927174284071,0.0005272641269587827,0.0003139927174284071,0.002656524300323926,0.003486006483905255,0.0003139927174284071,0.0003139927174284071,0.0003139927174284071,0.0003139927174284071,0.0003139927174284071,0.00146671333346338,0.0003139927174284071,0.0027406847386262524,0.0020894995976843663,0.003887015406540648,0.008254489120516606,0.0006057050789700725,0.003887015406540648,0.0,0.005369759733667941,0.004223913439019208,0.003887015406540648,0.0003139927174284071,0.0015481263882544671,0.003887015406540648,0.003887015406540648,0.003887015406540648,0.003887015406540648,0.0003139927174284071,0.003887015406540648,0.0006057050789700725,0.003887015406540648,0.0003139927174284071,0.003887015406540648,0.003887015406540648,0.003887015406540648,0.003887015406540648,0.0015481263882544671,0.0,0.06286908721600432,0.01116006981934961,0.011147265469290365,0.00243350231566037,0.00243350231566037,0.06502806542444159,0.003887015406540648,0.003887015406540648,0.0006057050789700725,0.0,0.0015481263882544671,0.003887015406540648,0.0003139927174284071,0.003887015406540648,0.003887015406540648,0.003887015406540648
22,0.0011527206160349714,0.0036303791935282065,0.004707558131126239,0.0011527206160349714,0.00907511543186604,0.0011527206160349714,0.0011527206160349714,0.0014444329775766367,0.004707558131126239,0.0011527206160349714,0.004707558131126239,0.0011527206160349714,0.004707558131126239,0.002928227496290924,0.004707558131126239,0.0011527206160349714,0.004707558131126239,0.002386854286861034,0.0016773819721299511,0.0011527206160349714,0.0013659920255653473,0.00146671333346338,0.0,0.0043247360997766115,0.0011527206160349714,0.006190190708449801,0.012060180215067624,0.06364821195377506,0.012047032234402877,0.0032538497545529254,0.0032538497545529254,0.0011527206160349714,0.0013659920255653473,0.0011527206160349714,0.0016773819721299511,0.0043247360997766115,0.0011527206160349714,0.0011527206160349714,0.0011527206160349714,0.0011527206160349714,0.0011527206160349714,0.0,0.0011527206160349714,0.0036303791935282065,0.002928227496290924,0.004707558131126239,0.00907511543186604,0.0014444329775766367,0.004707558131126239,0.00146671333346338,0.006190190708449801,0.005044512377368361,0.004707558131126239,0.0011527206160349714,0.002386854286861034,0.004707558131126239,0.004707558131126239,0.004707558131126239,0.004707558131126239,0.0011527206160349714,0.004707558131126239,0.0014444329775766367,0.004707558131126239,0.0011527206160349714,0.004707558131126239,0.004707558131126239,0.004707558131126239,0.004707558131126239,0.002386854286861034,0.00146671333346338,0.06364821195377506,0.012060180215067624,0.012047032234402877,0.0032538497545529254,0.0032538497545529254,0.06571921013678593,0.004707558131126239,0.004707558131126239,0.0014444329775766367,0.00146671333346338,0.002386854286861034,0.004707558131126239,0.0011527206160349714,0.004707558131126239,0.004707558131126239,0.004707558131126239
23,0.0031720154837416407,0.005583510579304141,0.006683559409454244,0.0031720154837416407,0.011027439837108563,0.0031720154837416407,0.0031720154837416407,0.00346372644857458,0.006683559409454244,0.0031720154837416407,0.006683559409454244,0.0031720154837416407,0.006683559409454244,0.004947522363997598,0.006683559409454244,0.0031720154837416407,0.006683559409454244,0.004403539538097756,0.005713003476361061,0.0031720154837416407,0.0033852856516456233,0.003486006483905255,0.0043247360997766115,0.0,0.0031720154837416407,0.008166189208649914,0.01413203968716192,0.06535272561004614,0.014119235337102673,0.005280171269010772,0.005280171269010772,0.0031720154837416407,0.0033852856516456233,0.0031720154837416407,0.005713003476361061,0.0,0.0031720154837416407,0.0031720154837416407,0.0031720154837416407,0.0031720154837416407,0.0031720154837416407,0.0043247360997766115,0.0031720154837416407,0.005583510579304141,0.004947522363997598,0.006683559409454244,0.011027439837108563,0.00346372644857458,0.006683559409454244,0.003486006483905255,0.008166189208649914,0.006986042733373964,0.006683559409454244,0.0031720154837416407,0.004403539538097756,0.006683559409454244,0.006683559409454244,0.006683559409454244,0.006683559409454244,0.0031720154837416407,0.006683559409454244,0.00346372644857458,0.006683559409454244,0.0031720154837416407,0.006683559409454244,0.006683559409454244,0.006683559409454244,0.006683559409454244,0.004403539538097756,0.003486006483905255,0.06535272561004614,0.01413203968716192,0.014119235337102673,0.005280171269010772,0.005280171269010772,0.06205384928016889,0.006683559409454244,0.006683559409454244,0.00346372644857458,0.003486006483905255,0.004403539538097756,0.006683559409454244,0.0031720154837416407,0.006683559409454244,0.006683559409454244,0.006683559409454244
