,0,1,2,3,4,5,6,7,8,9,10,11,12,13,14,15,16,17,18,19,20,21,22,23,24,25,26,27,28,29,30,31,32,33,34,35,36,37,38,39,40,41,42,43,44,45,46,47,48,49,50,51,52,53,54,55,56,57,58,59,60,61,62,63,64,65,66,67,68,69,70,71,72,73,74,75
0,0.0,0.0,0.0,0.0,0.003537392218331217,0.0013213971751471492,0.0009642069249553694,0.0007720856821959416,0.0010749064626377478,0.0,0.0,0.0038220417284168563,0.0023544492311527248,0.003537392218331217,0.002083573246406192,0.0,0.003537392218331217,0.003537392218331217,0.005306088327496825,0.0,0.0007720856821959416,6.951884891009685e-05,0.010244113990426478,6.951884891009685e-05,6.951884891009685e-05,0.006745700156491685,0.0013213971751471492,0.005493821830254633,0.005493821830254633,0.005493821830254633,0.005493821830254633,0.005493821830254633,0.010244113990426478,0.0,0.0,0.0013213971751471492,0.005306088327496825,0.0038220417284168563,0.002083573246406192,0.003537392218331217,0.0,0.0023544492311527248,0.0009642069249553694,0.003537392218331217,0.0,0.0,0.0,0.0010749064626377478,0.0007720856821959416,0.0,0.0,0.003537392218331217,0.0,0.0007720856821959416,0.003537392218331217,0.005493821830254633,0.0,0.0009642069249553694,0.0023544492311527248,0.0,0.0,0.0,0.003537392218331217,0.0010749064626377478,0.0007720856821959416,0.0,0.003537392218331217,0.0,0.0,0.0007720856821959416,0.003537392218331217,0.002083573246406192,0.0038220417284168563,0.005306088327496825,0.0011821187247083125,0.003537392218331217
1,0.0,0.0,0.0,0.0,0.003537392218331217,0.0013213971751471492,0.0009642069249553694,0.0007720856821959416,0.0010749064626377478,0.0,0.0,0.0038220417284168563,0.0023544492311527248,0.003537392218331217,0.002083573246406192,0.0,0.003537392218331217,0.003537392218331217,0.005306088327496825,0.0,0.0007720856821959416,6.951884891009685e-05,0.010244113990426478,6.951884891009685e-05,6.951884891009685e-05,0.006745700156491685,0.0013213971751471492,0.005493821830254633,0.005493821830254633,0.005493821830254633,0.005493821830254633,0.005493821830254633,0.010244113990426478,0.0,0.0,0.0013213971751471492,0.005306088327496825,0.0038220417284168563,0.002083573246406192,0.003537392218331217,0.0,0.0023544492311527248,0.0009642069249553694,0.003537392218331217,0.0,0.0,0.0,0.0010749064626377478,0.0007720856821959416,0.0,0.0,0.003537392218331217,0.0,0.0007720856821959416,0.003537392218331217,0.005493821830254633,0.0,0.0009642069249553694,0.0023544492311527248,0.0,0.0,0.0,0.003537392218331217,0.0010749064626377478,0.0007720856821959416,0.0,0.003537392218331217,0.0,0.0,0.0007720856821959416,0.003537392218331217,0.002083573246406192,0.0038220417284168563,0.005306088327496825,0.0011821187247083125,0.003537392218331217
2,0.0,0.0,0.0,0.0,0.003537392218331217,0.0013213971751471492,0.0009642069249553694,0.0007720856821959416,0.0010749064626377478,0.0,0.0,0.0038220417284168563,0.0023544492311527248,0.003537392218331217,0.002083573246406192,0.0,0.003537392218331217,0.003537392218331217,0.005306088327496825,0.0,0.0007720856821959416,6.951884891009685e-05,0.010244113990426478,6.951884891009685e-05,6.951884891009685e-05,0.006745700156491685,0.0013213971751471492,0.005493821830254633,0.005493821830254633,0.005493821830254633,0.005493821830254633,0.005493821830254633,0.010244113990426478,0.0,0.0,0.0013213971751471492,0.005306088327496825,0.0038220417284168563,0.002083573246406192,0.003537392218331217,0.0,0.0023544492311527248,0.0009642069249553694,0.003537392218331217,0.0,0.0,0.0,0.0010749064626377478,0.0007720856821959416,0.0,0.0,0.003537392218331217,0.0,0.0007720856821959416,0.003537392218331217,0.005493821830254633,0.0,0.0009642069249553694,0.0023544492311527248,0.0,0.0,0.0,0.003537392218331217,0.0010749064626377478,0.0007720856821959416,0.0,0.003537392218331217,0.0,0.0,0.0007720856821959416,0.003537392218331217,0.002083573246406192,0.0038220417284168563,0.005306088327496825,0.0011821187247083125,0.003537392218331217
3,0.0,0.0,0.0,0.0,0.003537392218331217,0.0013213971751471492,0.0009642069249553694,0.0007720856821959416,0.0010749064626377478,0.0,0.0,0.0038220417284168563,0.0023544492311527248,0.003537392218331217,0.002083573246406192,0.0,0.003537392218331217,0.003537392218331217,0.005306088327496825,0.0,0.0007720856821959416,6.951884891009685e-05,0.010244113990426478,6.951884891009685e-05,6.951884891009685e-05,0.006745700156491685,0.0013213971751471492,0.005493821830254633,0.005493821830254633,0.005493821830254633,0.005493821830254633,0.005493821830254633,0.010244113990426478,0.0,0.0,0.0013213971751471492,0.005306088327496825,0.0038220417284168563,0.002083573246406192,0.003537392218331217,0.0,0.0023544492311527248,0.0009642069249553694,0.003537392218331217,0.0,0.0,0.0,0.0010749064626377478,0.0007720856821959416,0.0,0.0,0.003537392218331217,0.0,0.0007720856821959416,0.003537392218331217,0.005493821830254633,0.0,0.0009642069249553694,0.0023544492311527248,0.0,0.0,0.0,0.003537392218331217,0.0010749064626377478,0.0007720856821959416,0.0,0.003537392218331217,0.0,0.0,0.0007720856821959416,0.003537392218331217,0.002083573246406192,0.0038220417284168563,0.005306088327496825,0.0011821187247083125,0.003537392218331217
4,0.003537392218331217,0.003537392218331217,0.003537392218331217,0.003537392218331217,0.0,0.004858789393478366,0.004501599143286586,0.004309477900527158,0.004612298680968965,0.003537392218331217,0.003537392218331217,0.0073594339467480735,0.0058918414494839415,0.0,0.005620965464737409,0.003537392218331217,0.0,0.0,0.008843480545828042,0.003537392218331217,0.004309477900527158,0.003606911067241314,0.013781506208757696,0.003606911067241314,0.003606911067241314,0.010283092374822903,0.004858789393478366,0.009031214048585852,0.009031214048585852,0.009031214048585852,0.009031214048585852,0.009031214048585852,0.013781506208757696,0.003537392218331217,0.003537392218331217,0.004858789393478366,0.008843480545828042,0.0073594339467480735,0.005620965464737409,0.0,0.003537392218331217,0.0058918414494839415,0.004501599143286586,0.0,0.003537392218331217,0.003537392218331217,0.003537392218331217,0.004612298680968965,0.004309477900527158,0.003537392218331217,0.003537392218331217,0.0,0.003537392218331217,0.004309477900527158,0.0,0.009031214048585852,0.003537392218331217,0.004501599143286586,0.0058918414494839415,0.003537392218331217,0.003537392218331217,0.003537392218331217,0.0,0.004612298680968965,0.004309477900527158,0.003537392218331217,0.0,0.003537392218331217,0.003537392218331217,0.004309477900527158,0.0,0.005620965464737409,0.0073594339467480735,0.008843480545828042,0.004719510943039529,0.0
5,0.0013213971751471492,0.0013213971751471492,0.0013213971751471492,0.0013213971751471492,0.004858789393478366,0.0,0.0022856041001025184,0.0020934828573430904,0.0023963036377848967,0.0013213971751471492,0.0013213971751471492,0.0051226865668810495,0.003675846406299874,0.004858789393478366,0.0033943129354631714,0.0013213971751471492,0.004858789393478366,0.004858789393478366,0.006627485502643975,0.0013213971751471492,0.0020934828573430904,0.0013802585379670768,0.011554853679483458,0.0013802585379670768,0.0013802585379670768,0.005424302981344537,0.0,0.0068045615193116134,0.0068045615193116134,0.0068045615193116134,0.0068045615193116134,0.0068045615193116134,0.011554853679483458,0.0013213971751471492,0.0013213971751471492,0.0,0.006627485502643975,0.0051226865668810495,0.0033943129354631714,0.004858789393478366,0.0013213971751471492,0.003675846406299874,0.0022856041001025184,0.004858789393478366,0.0013213971751471492,0.0013213971751471492,0.0013213971751471492,0.0023963036377848967,0.0020934828573430904,0.0013213971751471492,0.0013213971751471492,0.004858789393478366,0.0013213971751471492,0.0020934828573430904,0.004858789393478366,0.0068045615193116134,0.0013213971751471492,0.0022856041001025184,0.003675846406299874,0.0013213971751471492,0.0013213971751471492,0.0013213971751471492,0.004858789393478366,0.0023963036377848967,0.0020934828573430904,0.0013213971751471492,0.004858789393478366,0.0013213971751471492,0.0013213971751471492,0.0020934828573430904,0.004858789393478366,0.0033943129354631714,0.0051226865668810495,0.006627485502643975,0.0002676586621688612,0.004858789393478366
6,0.0009642069249553694,0.0009642069249553694,0.0009642069249553694,0.0009642069249553694,0.004501599143286586,0.0022856041001025184,0.0,0.001736292607151311,0.0020391133875931173,0.0009642069249553694,0.0009642069249553694,0.004786248653372225,0.0033186561561080945,0.004501599143286586,0.0030462565284984436,0.0009642069249553694,0.004501599143286586,0.004501599143286586,0.006270295252452195,0.0009642069249553694,0.001736292607151311,0.0010337257738654662,0.00938675774488063,0.0010337257738654662,0.0010337257738654662,0.007709907081447054,0.0022856041001025184,0.006458028755210002,0.006458028755210002,0.006458028755210002,0.006458028755210002,0.006458028755210002,0.00938675774488063,0.0009642069249553694,0.0009642069249553694,0.0022856041001025184,0.006270295252452195,0.004786248653372225,0.0030462565284984436,0.004501599143286586,0.0009642069249553694,0.0033186561561080945,0.0,0.004501599143286586,0.0009642069249553694,0.0009642069249553694,0.0009642069249553694,0.0020391133875931173,0.001736292607151311,0.0009642069249553694,0.0009642069249553694,0.004501599143286586,0.0009642069249553694,0.001736292607151311,0.004501599143286586,0.006458028755210002,0.0009642069249553694,0.0,0.0033186561561080945,0.0009642069249553694,0.0009642069249553694,0.0009642069249553694,0.004501599143286586,0.0020391133875931173,0.001736292607151311,0.0009642069249553694,0.004501599143286586,0.0009642069249553694,0.0009642069249553694,0.001736292607151311,0.004501599143286586,0.0030462565284984436,0.004786248653372225,0.006270295252452195,0.0021463256496636815,0.004501599143286586
7,0.0007720856821959416,0.0007720856821959416,0.0007720856821959416,0.0007720856821959416,0.004309477900527158,0.0020934828573430904,0.001736292607151311,0.0,0.0018469921448336895,0.0007720856821959416,0.0007720856821959416,0.004594127410612798,0.0015823635489567833,0.004309477900527158,0.0028556589286021336,0.0007720856821959416,0.004309477900527158,0.004309477900527158,0.006078174009692767,0.0007720856821959416,0.0,0.0008416045311060384,0.011016199672622422,0.0008416045311060384,0.0008416045311060384,0.007517785838687628,0.0020934828573430904,0.0062659075124505735,0.0062659075124505735,0.0062659075124505735,0.0062659075124505735,0.0062659075124505735,0.011016199672622422,0.0007720856821959416,0.0007720856821959416,0.0020934828573430904,0.006078174009692767,0.004594127410612798,0.0028556589286021336,0.004309477900527158,0.0007720856821959416,0.0015823635489567833,0.001736292607151311,0.004309477900527158,0.0007720856821959416,0.0007720856821959416,0.0007720856821959416,0.0018469921448336895,0.0,0.0007720856821959416,0.0007720856821959416,0.004309477900527158,0.0007720856821959416,0.0,0.004309477900527158,0.0062659075124505735,0.0007720856821959416,0.001736292607151311,0.0015823635489567833,0.0007720856821959416,0.0007720856821959416,0.0007720856821959416,0.004309477900527158,0.0018469921448336895,0.0,0.0007720856821959416,0.004309477900527158,0.0007720856821959416,0.0007720856821959416,0.0,0.004309477900527158,0.0028556589286021336,0.004594127410612798,0.006078174009692767,0.001954204406904254,0.004309477900527158
8,0.0010749064626377478,0.0010749064626377478,0.0010749064626377478,0.0010749064626377478,0.004612298680968965,0.0023963036377848967,0.0020391133875931173,0.0018469921448336895,0.0,0.0010749064626377478,0.0010749064626377478,0.0048969481910546035,0.003429355693790473,0.004612298680968965,0.003158479709043939,0.0010749064626377478,0.004612298680968965,0.004612298680968965,0.006380994790134573,0.0010749064626377478,0.0018469921448336895,0.0011444253115478447,0.011319020453064226,0.0011444253115478447,0.0011444253115478447,0.007820606619129433,0.0023963036377848967,0.006568728292892381,0.006568728292892381,0.006568728292892381,0.006568728292892381,0.006568728292892381,0.011319020453064226,0.0010749064626377478,0.0010749064626377478,0.0023963036377848967,0.006380994790134573,0.0048969481910546035,0.003158479709043939,0.004612298680968965,0.0010749064626377478,0.003429355693790473,0.0020391133875931173,0.004612298680968965,0.0010749064626377478,0.0010749064626377478,0.0010749064626377478,0.0,0.0018469921448336895,0.0010749064626377478,0.0010749064626377478,0.004612298680968965,0.0010749064626377478,0.0018469921448336895,0.004612298680968965,0.006568728292892381,0.0010749064626377478,0.0020391133875931173,0.003429355693790473,0.0010749064626377478,0.0010749064626377478,0.0010749064626377478,0.004612298680968965,0.0,0.0018469921448336895,0.0010749064626377478,0.004612298680968965,0.0010749064626377478,0.0010749064626377478,0.0018469921448336895,0.004612298680968965,0.003158479709043939,0.0048969481910546035,0.006380994790134573,0.00225702518734606,0.004612298680968965
9,0.0,0.0,0.0,0.0,0.003537392218331217,0.0013213971751471492,0.0009642069249553694,0.0007720856821959416,0.0010749064626377478,0.0,0.0,0.0038220417284168563,0.0023544492311527248,0.003537392218331217,0.002083573246406192,0.0,0.003537392218331217,0.003537392218331217,0.005306088327496825,0.0,0.0007720856821959416,6.951884891009685e-05,0.010244113990426478,6.951884891009685e-05,6.951884891009685e-05,0.006745700156491685,0.0013213971751471492,0.005493821830254633,0.005493821830254633,0.005493821830254633,0.005493821830254633,0.005493821830254633,0.010244113990426478,0.0,0.0,0.0013213971751471492,0.005306088327496825,0.0038220417284168563,0.002083573246406192,0.003537392218331217,0.0,0.0023544492311527248,0.0009642069249553694,0.003537392218331217,0.0,0.0,0.0,0.0010749064626377478,0.0007720856821959416,0.0,0.0,0.003537392218331217,0.0,0.0007720856821959416,0.003537392218331217,0.005493821830254633,0.0,0.0009642069249553694,0.0023544492311527248,0.0,0.0,0.0,0.003537392218331217,0.0010749064626377478,0.0007720856821959416,0.0,0.003537392218331217,0.0,0.0,0.0007720856821959416,0.003537392218331217,0.002083573246406192,0.0038220417284168563,0.005306088327496825,0.0011821187247083125,0.003537392218331217
10,0.0,0.0,0.0,0.0,0.003537392218331217,0.0013213971751471492,0.0009642069249553694,0.0007720856821959416,0.0010749064626377478,0.0,0.0,0.0038220417284168563,0.0023544492311527248,0.003537392218331217,0.002083573246406192,0.0,0.003537392218331217,0.003537392218331217,0.005306088327496825,0.0,0.0007720856821959416,6.951884891009685e-05,0.010244113990426478,6.951884891009685e-05,6.951884891009685e-05,0.006745700156491685,0.0013213971751471492,0.005493821830254633,0.005493821830254633,0.005493821830254633,0.005493821830254633,0.005493821830254633,0.010244113990426478,0.0,0.0,0.0013213971751471492,0.005306088327496825,0.0038220417284168563,0.002083573246406192,0.003537392218331217,0.0,0.0023544492311527248,0.0009642069249553694,0.003537392218331217,0.0,0.0,0.0,0.0010749064626377478,0.0007720856821959416,0.0,0.0,0.003537392218331217,0.0,0.0007720856821959416,0.003537392218331217,0.005493821830254633,0.0,0.0009642069249553694,0.0023544492311527248,0.0,0.0,0.0,0.003537392218331217,0.0010749064626377478,0.0007720856821959416,0.0,0.003537392218331217,0.0,0.0,0.0007720856821959416,0.003537392218331217,0.002083573246406192,0.0038220417284168563,0.005306088327496825,0.0011821187247083125,0.003537392218331217
11,0.0038220417284168563,0.0038220417284168563,0.0038220417284168563,0.0038220417284168563,0.0073594339467480735,0.0051226865668810495,0.004786248653372225,0.004594127410612798,0.0048969481910546035,0.0038220417284168563,0.0038220417284168563,0.0,0.0061764909595695815,0.0073594339467480735,0.005756575828585457,0.0038220417284168563,0.0073594339467480735,0.0073594339467480735,0.009128130055913683,0.0038220417284168563,0.004594127410612798,0.00375252287950676,0.013927118021023142,0.00375252287950676,0.00375252287950676,0.010546989548225588,0.0051226865668810495,0.009176825860851298,0.009176825860851298,0.009176825860851298,0.009176825860851298,0.009176825860851298,0.013927118021023142,0.0038220417284168563,0.0038220417284168563,0.0051226865668810495,0.009128130055913683,0.0,0.005756575828585457,0.0073594339467480735,0.0038220417284168563,0.0061764909595695815,0.004786248653372225,0.0073594339467480735,0.0038220417284168563,0.0038220417284168563,0.0038220417284168563,0.0048969481910546035,0.004594127410612798,0.0038220417284168563,0.0038220417284168563,0.0073594339467480735,0.0038220417284168563,0.004594127410612798,0.0073594339467480735,0.009176825860851298,0.0038220417284168563,0.004786248653372225,0.0061764909595695815,0.0038220417284168563,0.0038220417284168563,0.0038220417284168563,0.0073594339467480735,0.0048969481910546035,0.004594127410612798,0.0038220417284168563,0.0073594339467480735,0.0038220417284168563,0.0038220417284168563,0.004594127410612798,0.0073594339467480735,0.005756575828585457,0.0,0.009128130055913683,0.004865122755304975,0.0073594339467480735
12,0.0023544492311527248,0.0023544492311527248,0.0023544492311527248,0.0023544492311527248,0.0058918414494839415,0.003675846406299874,0.0033186561561080945,0.0015823635489567833,0.003429355693790473,0.0023544492311527248,0.0023544492311527248,0.0061764909595695815,0.0,0.0058918414494839415,0.004438022477558917,0.0023544492311527248,0.0058918414494839415,0.0058918414494839415,0.00766053755864955,0.0023544492311527248,0.0015823635489567833,0.0024239680800628217,0.012598563221579203,0.0024239680800628217,0.0024239680800628217,0.00910014938764441,0.003675846406299874,0.007848271061407357,0.007848271061407357,0.007848271061407357,0.007848271061407357,0.007848271061407357,0.012598563221579203,0.0023544492311527248,0.0023544492311527248,0.003675846406299874,0.00766053755864955,0.0061764909595695815,0.004438022477558917,0.0058918414494839415,0.0023544492311527248,0.0,0.0033186561561080945,0.0058918414494839415,0.0023544492311527248,0.0023544492311527248,0.0023544492311527248,0.003429355693790473,0.0015823635489567833,0.0023544492311527248,0.0023544492311527248,0.0058918414494839415,0.0023544492311527248,0.0015823635489567833,0.0058918414494839415,0.007848271061407357,0.0023544492311527248,0.0033186561561080945,0.0,0.0023544492311527248,0.0023544492311527248,0.0023544492311527248,0.0058918414494839415,0.003429355693790473,0.0015823635489567833,0.0023544492311527248,0.0058918414494839415,0.0023544492311527248,0.0023544492311527248,0.0015823635489567833,0.0058918414494839415,0.004438022477558917,0.0061764909595695815,0.00766053755864955,0.0035365679558610375,0.0058918414494839415
13,0.003537392218331217,0.003537392218331217,0.003537392218331217,0.003537392218331217,0.0,0.004858789393478366,0.004501599143286586,0.004309477900527158,0.004612298680968965,0.003537392218331217,0.003537392218331217,0.0073594339467480735,0.0058918414494839415,0.0,0.005620965464737409,0.003537392218331217,0.0,0.0,0.008843480545828042,0.003537392218331217,0.004309477900527158,0.003606911067241314,0.013781506208757696,0.003606911067241314,0.003606911067241314,0.010283092374822903,0.004858789393478366,0.009031214048585852,0.009031214048585852,0.009031214048585852,0.009031214048585852,0.009031214048585852,0.013781506208757696,0.003537392218331217,0.003537392218331217,0.004858789393478366,0.008843480545828042,0.0073594339467480735,0.005620965464737409,0.0,0.003537392218331217,0.0058918414494839415,0.004501599143286586,0.0,0.003537392218331217,0.003537392218331217,0.003537392218331217,0.004612298680968965,0.004309477900527158,0.003537392218331217,0.003537392218331217,0.0,0.003537392218331217,0.004309477900527158,0.0,0.009031214048585852,0.003537392218331217,0.004501599143286586,0.0058918414494839415,0.003537392218331217,0.003537392218331217,0.003537392218331217,0.0,0.004612298680968965,0.004309477900527158,0.003537392218331217,0.0,0.003537392218331217,0.003537392218331217,0.004309477900527158,0.0,0.005620965464737409,0.0073594339467480735,0.008843480545828042,0.004719510943039529,0.0
14,0.002083573246406192,0.002083573246406192,0.002083573246406192,0.002083573246406192,0.005620965464737409,0.0033943129354631714,0.0030462565284984436,0.0028556589286021336,0.003158479709043939,0.002083573246406192,0.002083573246406192,0.005756575828585457,0.004438022477558917,0.005620965464737409,0.0,0.002083573246406192,0.005620965464737409,0.005620965464737409,0.007389661573903018,0.002083573246406192,0.0028556589286021336,0.0020140543974960946,0.012171499743928352,0.0020140543974960946,0.0020140543974960946,0.008818615916807708,0.0033943129354631714,0.00743835737884063,0.00743835737884063,0.00743835737884063,0.00743835737884063,0.00743835737884063,0.012171499743928352,0.002083573246406192,0.002083573246406192,0.0033943129354631714,0.007389661573903018,0.005756575828585457,0.0,0.005620965464737409,0.002083573246406192,0.004438022477558917,0.0030462565284984436,0.005620965464737409,0.002083573246406192,0.002083573246406192,0.002083573246406192,0.003158479709043939,0.0028556589286021336,0.002083573246406192,0.002083573246406192,0.005620965464737409,0.002083573246406192,0.0028556589286021336,0.005620965464737409,0.00743835737884063,0.002083573246406192,0.0030462565284984436,0.004438022477558917,0.002083573246406192,0.002083573246406192,0.002083573246406192,0.005620965464737409,0.003158479709043939,0.0028556589286021336,0.002083573246406192,0.005620965464737409,0.002083573246406192,0.002083573246406192,0.0028556589286021336,0.005620965464737409,0.0,0.005756575828585457,0.007389661573903018,0.00312665427329431,0.005620965464737409
15,0.0,0.0,0.0,0.0,0.003537392218331217,0.0013213971751471492,0.0009642069249553694,0.0007720856821959416,0.0010749064626377478,0.0,0.0,0.0038220417284168563,0.0023544492311527248,0.003537392218331217,0.002083573246406192,0.0,0.003537392218331217,0.003537392218331217,0.005306088327496825,0.0,0.0007720856821959416,6.951884891009685e-05,0.010244113990426478,6.951884891009685e-05,6.951884891009685e-05,0.006745700156491685,0.0013213971751471492,0.005493821830254633,0.005493821830254633,0.005493821830254633,0.005493821830254633,0.005493821830254633,0.010244113990426478,0.0,0.0,0.0013213971751471492,0.005306088327496825,0.0038220417284168563,0.002083573246406192,0.003537392218331217,0.0,0.0023544492311527248,0.0009642069249553694,0.003537392218331217,0.0,0.0,0.0,0.0010749064626377478,0.0007720856821959416,0.0,0.0,0.003537392218331217,0.0,0.0007720856821959416,0.003537392218331217,0.005493821830254633,0.0,0.0009642069249553694,0.0023544492311527248,0.0,0.0,0.0,0.003537392218331217,0.0010749064626377478,0.0007720856821959416,0.0,0.003537392218331217,0.0,0.0,0.0007720856821959416,0.003537392218331217,0.002083573246406192,0.0038220417284168563,0.005306088327496825,0.0011821187247083125,0.003537392218331217
16,0.003537392218331217,0.003537392218331217,0.003537392218331217,0.003537392218331217,0.0,0.004858789393478366,0.004501599143286586,0.004309477900527158,0.004612298680968965,0.003537392218331217,0.003537392218331217,0.0073594339467480735,0.0058918414494839415,0.0,0.005620965464737409,0.003537392218331217,0.0,0.0,0.008843480545828042,0.003537392218331217,0.004309477900527158,0.003606911067241314,0.013781506208757696,0.003606911067241314,0.003606911067241314,0.010283092374822903,0.004858789393478366,0.009031214048585852,0.009031214048585852,0.009031214048585852,0.009031214048585852,0.009031214048585852,0.013781506208757696,0.003537392218331217,0.003537392218331217,0.004858789393478366,0.008843480545828042,0.0073594339467480735,0.005620965464737409,0.0,0.003537392218331217,0.0058918414494839415,0.004501599143286586,0.0,0.003537392218331217,0.003537392218331217,0.003537392218331217,0.004612298680968965,0.004309477900527158,0.003537392218331217,0.003537392218331217,0.0,0.003537392218331217,0.004309477900527158,0.0,0.009031214048585852,0.003537392218331217,0.004501599143286586,0.0058918414494839415,0.003537392218331217,0.003537392218331217,0.003537392218331217,0.0,0.004612298680968965,0.004309477900527158,0.003537392218331217,0.0,0.003537392218331217,0.003537392218331217,0.004309477900527158,0.0,0.005620965464737409,0.0073594339467480735,0.008843480545828042,0.004719510943039529,0.0
17,0.003537392218331217,0.003537392218331217,0.003537392218331217,0.003537392218331217,0.0,0.004858789393478366,0.004501599143286586,0.004309477900527158,0.004612298680968965,0.003537392218331217,0.003537392218331217,0.0073594339467480735,0.0058918414494839415,0.0,0.005620965464737409,0.003537392218331217,0.0,0.0,0.008843480545828042,0.003537392218331217,0.004309477900527158,0.003606911067241314,0.013781506208757696,0.003606911067241314,0.003606911067241314,0.010283092374822903,0.004858789393478366,0.009031214048585852,0.009031214048585852,0.009031214048585852,0.009031214048585852,0.009031214048585852,0.013781506208757696,0.003537392218331217,0.003537392218331217,0.004858789393478366,0.008843480545828042,0.0073594339467480735,0.005620965464737409,0.0,0.003537392218331217,0.0058918414494839415,0.004501599143286586,0.0,0.003537392218331217,0.003537392218331217,0.003537392218331217,0.004612298680968965,0.004309477900527158,0.003537392218331217,0.003537392218331217,0.0,0.003537392218331217,0.004309477900527158,0.0,0.009031214048585852,0.003537392218331217,0.004501599143286586,0.0058918414494839415,0.003537392218331217,0.003537392218331217,0.003537392218331217,0.0,0.004612298680968965,0.004309477900527158,0.003537392218331217,0.0,0.003537392218331217,0.003537392218331217,0.004309477900527158,0.0,0.005620965464737409,0.0073594339467480735,0.008843480545828042,0.004719510943039529,0.0
18,0.005306088327496825,0.005306088327496825,0.005306088327496825,0.005306088327496825,0.008843480545828042,0.006627485502643975,0.006270295252452195,0.006078174009692767,0.006380994790134573,0.005306088327496825,0.005306088327496825,0.009128130055913683,0.00766053755864955,0.008843480545828042,0.007389661573903018,0.005306088327496825,0.008843480545828042,0.008843480545828042,0.0,0.005306088327496825,0.006078174009692767,0.005375607176406922,0.015550202317923305,0.005375607176406922,0.005375607176406922,0.012051788483988512,0.006627485502643975,0.01079991015775146,0.01079991015775146,0.01079991015775146,0.01079991015775146,0.01079991015775146,0.015550202317923305,0.005306088327496825,0.005306088327496825,0.006627485502643975,0.0,0.009128130055913683,0.007389661573903018,0.008843480545828042,0.005306088327496825,0.00766053755864955,0.006270295252452195,0.008843480545828042,0.005306088327496825,0.005306088327496825,0.005306088327496825,0.006380994790134573,0.006078174009692767,0.005306088327496825,0.005306088327496825,0.008843480545828042,0.005306088327496825,0.006078174009692767,0.008843480545828042,0.01079991015775146,0.005306088327496825,0.006270295252452195,0.00766053755864955,0.005306088327496825,0.005306088327496825,0.005306088327496825,0.008843480545828042,0.006380994790134573,0.006078174009692767,0.005306088327496825,0.008843480545828042,0.005306088327496825,0.005306088327496825,0.006078174009692767,0.008843480545828042,0.007389661573903018,0.009128130055913683,0.0,0.006488207052205137,0.008843480545828042
19,0.0,0.0,0.0,0.0,0.003537392218331217,0.0013213971751471492,0.0009642069249553694,0.0007720856821959416,0.0010749064626377478,0.0,0.0,0.0038220417284168563,0.0023544492311527248,0.003537392218331217,0.002083573246406192,0.0,0.003537392218331217,0.003537392218331217,0.005306088327496825,0.0,0.0007720856821959416,6.951884891009685e-05,0.010244113990426478,6.951884891009685e-05,6.951884891009685e-05,0.006745700156491685,0.0013213971751471492,0.005493821830254633,0.005493821830254633,0.005493821830254633,0.005493821830254633,0.005493821830254633,0.010244113990426478,0.0,0.0,0.0013213971751471492,0.005306088327496825,0.0038220417284168563,0.002083573246406192,0.003537392218331217,0.0,0.0023544492311527248,0.0009642069249553694,0.003537392218331217,0.0,0.0,0.0,0.0010749064626377478,0.0007720856821959416,0.0,0.0,0.003537392218331217,0.0,0.0007720856821959416,0.003537392218331217,0.005493821830254633,0.0,0.0009642069249553694,0.0023544492311527248,0.0,0.0,0.0,0.003537392218331217,0.0010749064626377478,0.0007720856821959416,0.0,0.003537392218331217,0.0,0.0,0.0007720856821959416,0.003537392218331217,0.002083573246406192,0.0038220417284168563,0.005306088327496825,0.0011821187247083125,0.003537392218331217
20,0.0007720856821959416,0.0007720856821959416,0.0007720856821959416,0.0007720856821959416,0.004309477900527158,0.0020934828573430904,0.001736292607151311,0.0,0.0018469921448336895,0.0007720856821959416,0.0007720856821959416,0.004594127410612798,0.0015823635489567833,0.004309477900527158,0.0028556589286021336,0.0007720856821959416,0.004309477900527158,0.004309477900527158,0.006078174009692767,0.0007720856821959416,0.0,0.0008416045311060384,0.011016199672622422,0.0008416045311060384,0.0008416045311060384,0.007517785838687628,0.0020934828573430904,0.0062659075124505735,0.0062659075124505735,0.0062659075124505735,0.0062659075124505735,0.0062659075124505735,0.011016199672622422,0.0007720856821959416,0.0007720856821959416,0.0020934828573430904,0.006078174009692767,0.004594127410612798,0.0028556589286021336,0.004309477900527158,0.0007720856821959416,0.0015823635489567833,0.001736292607151311,0.004309477900527158,0.0007720856821959416,0.0007720856821959416,0.0007720856821959416,0.0018469921448336895,0.0,0.0007720856821959416,0.0007720856821959416,0.004309477900527158,0.0007720856821959416,0.0,0.004309477900527158,0.0062659075124505735,0.0007720856821959416,0.001736292607151311,0.0015823635489567833,0.0007720856821959416,0.0007720856821959416,0.0007720856821959416,0.004309477900527158,0.0018469921448336895,0.0,0.0007720856821959416,0.004309477900527158,0.0007720856821959416,0.0007720856821959416,0.0,0.004309477900527158,0.0028556589286021336,0.004594127410612798,0.006078174009692767,0.001954204406904254,0.004309477900527158
21,6.951884891009685e-05,6.951884891009685e-05,6.951884891009685e-05,6.951884891009685e-05,0.003606911067241314,0.0013802585379670768,0.0010337257738654662,0.0008416045311060384,0.0011444253115478447,6.951884891009685e-05,6.951884891009685e-05,0.00375252287950676,0.0024239680800628217,0.003606911067241314,0.0020140543974960946,6.951884891009685e-05,0.003606911067241314,0.003606911067241314,0.005375607176406922,6.951884891009685e-05,0.0008416045311060384,0.0,0.010174595141516382,0.0,0.0,0.0068045615193116134,0.0013802585379670768,0.005424302981344537,0.005424302981344537,0.005424302981344537,0.005424302981344537,0.005424302981344537,0.010174595141516382,6.951884891009685e-05,6.951884891009685e-05,0.0013802585379670768,0.005375607176406922,0.00375252287950676,0.0020140543974960946,0.003606911067241314,6.951884891009685e-05,0.0024239680800628217,0.0010337257738654662,0.003606911067241314,6.951884891009685e-05,6.951884891009685e-05,6.951884891009685e-05,0.0011444253115478447,0.0008416045311060384,6.951884891009685e-05,6.951884891009685e-05,0.003606911067241314,6.951884891009685e-05,0.0008416045311060384,0.003606911067241314,0.005424302981344537,6.951884891009685e-05,0.0010337257738654662,0.0024239680800628217,6.951884891009685e-05,6.951884891009685e-05,6.951884891009685e-05,0.003606911067241314,0.0011444253115478447,0.0008416045311060384,6.951884891009685e-05,0.003606911067241314,6.951884891009685e-05,6.951884891009685e-05,0.0008416045311060384,0.003606911067241314,0.0020140543974960946,0.00375252287950676,0.005375607176406922,0.0011125998757982156,0.003606911067241314
22,0.010244113990426478,0.010244113990426478,0.010244113990426478,0.010244113990426478,0.013781506208757696,0.011554853679483458,0.00938675774488063,0.011016199672622422,0.011319020453064226,0.010244113990426478,0.010244113990426478,0.013927118021023142,0.012598563221579203,0.013781506208757696,0.012171499743928352,0.010244113990426478,0.013781506208757696,0.013781506208757696,0.015550202317923305,0.010244113990426478,0.011016199672622422,0.010174595141516382,0.0,0.010174595141516382,0.010174595141516382,0.016959165218775697,0.011554853679483458,0.01557890668080862,0.01557890668080862,0.01557890668080862,0.01557890668080862,0.01557890668080862,0.0,0.010244113990426478,0.010244113990426478,0.011554853679483458,0.015550202317923305,0.013927118021023142,0.012171499743928352,0.013781506208757696,0.010244113990426478,0.012598563221579203,0.00938675774488063,0.013781506208757696,0.010244113990426478,0.010244113990426478,0.010244113990426478,0.011319020453064226,0.011016199672622422,0.010244113990426478,0.010244113990426478,0.013781506208757696,0.010244113990426478,0.011016199672622422,0.013781506208757696,0.01557890668080862,0.010244113990426478,0.00938675774488063,0.012598563221579203,0.010244113990426478,0.010244113990426478,0.010244113990426478,0.013781506208757696,0.011319020453064226,0.011016199672622422,0.010244113990426478,0.013781506208757696,0.010244113990426478,0.010244113990426478,0.011016199672622422,0.013781506208757696,0.012171499743928352,0.013927118021023142,0.015550202317923305,0.011287195017314598,0.013781506208757696
23,6.951884891009685e-05,6.951884891009685e-05,6.951884891009685e-05,6.951884891009685e-05,0.003606911067241314,0.0013802585379670768,0.0010337257738654662,0.0008416045311060384,0.0011444253115478447,6.951884891009685e-05,6.951884891009685e-05,0.00375252287950676,0.0024239680800628217,0.003606911067241314,0.0020140543974960946,6.951884891009685e-05,0.003606911067241314,0.003606911067241314,0.005375607176406922,6.951884891009685e-05,0.0008416045311060384,0.0,0.010174595141516382,0.0,0.0,0.0068045615193116134,0.0013802585379670768,0.005424302981344537,0.005424302981344537,0.005424302981344537,0.005424302981344537,0.005424302981344537,0.010174595141516382,6.951884891009685e-05,6.951884891009685e-05,0.0013802585379670768,0.005375607176406922,0.00375252287950676,0.0020140543974960946,0.003606911067241314,6.951884891009685e-05,0.0024239680800628217,0.0010337257738654662,0.003606911067241314,6.951884891009685e-05,6.951884891009685e-05,6.951884891009685e-05,0.0011444253115478447,0.0008416045311060384,6.951884891009685e-05,6.951884891009685e-05,0.003606911067241314,6.951884891009685e-05,0.0008416045311060384,0.003606911067241314,0.005424302981344537,6.951884891009685e-05,0.0010337257738654662,0.0024239680800628217,6.951884891009685e-05,6.951884891009685e-05,6.951884891009685e-05,0.003606911067241314,0.0011444253115478447,0.0008416045311060384,6.951884891009685e-05,0.003606911067241314,6.951884891009685e-05,6.951884891009685e-05,0.0008416045311060384,0.003606911067241314,0.0020140543974960946,0.00375252287950676,0.005375607176406922,0.0011125998757982156,0.003606911067241314
24,6.951884891009685e-05,6.951884891009685e-05,6.951884891009685e-05,6.951884891009685e-05,0.003606911067241314,0.0013802585379670768,0.0010337257738654662,0.0008416045311060384,0.0011444253115478447,6.951884891009685e-05,6.951884891009685e-05,0.00375252287950676,0.0024239680800628217,0.003606911067241314,0.0020140543974960946,6.951884891009685e-05,0.003606911067241314,0.003606911067241314,0.005375607176406922,6.951884891009685e-05,0.0008416045311060384,0.0,0.010174595141516382,0.0,0.0,0.0068045615193116134,0.0013802585379670768,0.005424302981344537,0.005424302981344537,0.005424302981344537,0.005424302981344537,0.005424302981344537,0.010174595141516382,6.951884891009685e-05,6.951884891009685e-05,0.0013802585379670768,0.005375607176406922,0.00375252287950676,0.0020140543974960946,0.003606911067241314,6.951884891009685e-05,0.0024239680800628217,0.0010337257738654662,0.003606911067241314,6.951884891009685e-05,6.951884891009685e-05,6.951884891009685e-05,0.0011444253115478447,0.0008416045311060384,6.951884891009685e-05,6.951884891009685e-05,0.003606911067241314,6.951884891009685e-05,0.0008416045311060384,0.003606911067241314,0.005424302981344537,6.951884891009685e-05,0.0010337257738654662,0.0024239680800628217,6.951884891009685e-05,6.951884891009685e-05,6.951884891009685e-05,0.003606911067241314,0.0011444253115478447,0.0008416045311060384,6.951884891009685e-05,0.003606911067241314,6.951884891009685e-05,6.951884891009685e-05,0.0008416045311060384,0.003606911067241314,0.0020140543974960946,0.00375252287950676,0.005375607176406922,0.0011125998757982156,0.003606911067241314
25,0.006745700156491685,0.006745700156491685,0.006745700156491685,0.006745700156491685,0.010283092374822903,0.005424302981344537,0.007709907081447054,0.007517785838687628,0.007820606619129433,0.006745700156491685,0.006745700156491685,0.010546989548225588,0.00910014938764441,0.010283092374822903,0.008818615916807708,0.006745700156491685,0.010283092374822903,0.010283092374822903,0.012051788483988512,0.006745700156491685,0.007517785838687628,0.0068045615193116134,0.016959165218775697,0.0068045615193116134,0.0068045615193116134,0.0,0.005424302981344537,0.0013802585379670768,0.0013802585379670768,0.0013802585379670768,0.0013802585379670768,0.0013802585379670768,0.016959165218775697,0.006745700156491685,0.006745700156491685,0.005424302981344537,0.012051788483988512,0.010546989548225588,0.008818615916807708,0.010283092374822903,0.006745700156491685,0.00910014938764441,0.007709907081447054,0.010283092374822903,0.006745700156491685,0.006745700156491685,0.006745700156491685,0.007820606619129433,0.007517785838687628,0.006745700156491685,0.006745700156491685,0.010283092374822903,0.006745700156491685,0.007517785838687628,0.010283092374822903,0.0013802585379670768,0.006745700156491685,0.007709907081447054,0.00910014938764441,0.006745700156491685,0.006745700156491685,0.006745700156491685,0.010283092374822903,0.007820606619129433,0.007517785838687628,0.006745700156491685,0.010283092374822903,0.006745700156491685,0.006745700156491685,0.007517785838687628,0.010283092374822903,0.008818615916807708,0.010546989548225588,0.012051788483988512,0.005691961643513398,0.010283092374822903
26,0.0013213971751471492,0.0013213971751471492,0.0013213971751471492,0.0013213971751471492,0.004858789393478366,0.0,0.0022856041001025184,0.0020934828573430904,0.0023963036377848967,0.0013213971751471492,0.0013213971751471492,0.0051226865668810495,0.003675846406299874,0.004858789393478366,0.0033943129354631714,0.0013213971751471492,0.004858789393478366,0.004858789393478366,0.006627485502643975,0.0013213971751471492,0.0020934828573430904,0.0013802585379670768,0.011554853679483458,0.0013802585379670768,0.0013802585379670768,0.005424302981344537,0.0,0.0068045615193116134,0.0068045615193116134,0.0068045615193116134,0.0068045615193116134,0.0068045615193116134,0.011554853679483458,0.0013213971751471492,0.0013213971751471492,0.0,0.006627485502643975,0.0051226865668810495,0.0033943129354631714,0.004858789393478366,0.0013213971751471492,0.003675846406299874,0.0022856041001025184,0.004858789393478366,0.0013213971751471492,0.0013213971751471492,0.0013213971751471492,0.0023963036377848967,0.0020934828573430904,0.0013213971751471492,0.0013213971751471492,0.004858789393478366,0.0013213971751471492,0.0020934828573430904,0.004858789393478366,0.0068045615193116134,0.0013213971751471492,0.0022856041001025184,0.003675846406299874,0.0013213971751471492,0.0013213971751471492,0.0013213971751471492,0.004858789393478366,0.0023963036377848967,0.0020934828573430904,0.0013213971751471492,0.004858789393478366,0.0013213971751471492,0.0013213971751471492,0.0020934828573430904,0.004858789393478366,0.0033943129354631714,0.0051226865668810495,0.006627485502643975,0.0002676586621688612,0.004858789393478366
