name,subtype,segment,date,accession,sequence,HA,NA,risk
A/Anhui/26837/2016,H7N9,NA,2016-03-05,EPI1100454,MNPNQKILCTSATAITIGAIAVLIGIANLGLNIGLHLKPGCNCSHSQPETTNTSQTIINNYYNETNITNIQMEERTSRNFNNLTKGLCTINSWHIYGKDNAVRIGESSDVLVTREPYVSCDPDECKFYALSQGTTIRGKHSNGTIHDRSQYRALISWPLSSPPTVYNSRVECIGWSSTSCHDGKSRMSICISGPNNNASAVVWYNRRPVAEINTWARNILRTQESECVCHNGVCPVVFTDGHATGPADTRIYYFKEGKILKWESLTGTAKHIEECSCYGERTGITCTCXDNWQGSNRPVIQIDPVAMTHTSQYICSPVLTDSPRPNDPNIGKCNDPYPGNNNNGVKGFSYLDGANTWLGRTISTASRSGYEMLKVPNALTDDRSKPIQGQTIVLNTDWSGYSGSFMDYWAEGDCYRACFYVELIRGRPKEDKVWWTSNSIVSMCSSTEFLGQWNWPDGAKIEYFL,H7,N9,0.005345675754261503
A/Hong_Kong/793/2016,H7N9,NA,2016-02-12,EPI1815509,MNPNQKILCTSATAITIGAIAVLIGIANLGLNIGLHLKPGCNCSHSQPETTNTSQTIINNYYNETNITNIQIEERTSRNFNNLTKGLCTINSWHIYGKDNAVRIGESSDVLVTREPYVSCDPDECRFYALSQGTTIRGKHSNGTIHDRSQYRALISWPLSSPPTVHNSRVECIGWSSTSCHDGKSRMSICISGPNNNASAVVWYNRRPVAEINTWARNILRTQESECVCHNGVCPVVFTDGPATGPADTRIYYFKEGKILKWESLTGTAKHIEECSCYGERTGITCTCRDNWQGSNRPVVQIDPVAMTHTSQYICSPVLTDSPRPNDPNIGKCNDPYPGNNNNGVKGFSYLDGANTWLGRTISTASRSGYEMLKVPNALTDDRSKPIQGQTIVLNADWSGYSGSFMDYWAEGDCYRACFYVELIRGRPKEDKVWWTSNSIVSMCSSTEFLGQWNWPDGAKIEYFL,H7,N9,0.008253832024424519
A/Hunan/02650/2016,H7N9,NA,2016-01-26,EPI961189,MNPNQKILCTSATAITIGAIAVLIGIANLGLNIGLHLKPGCNCSHSQTEKTNTSQTIINNYYNETNITNIQIEERTSRNFNNLTKGLCTINSWHIYGKDNAVRIGESSDVLVTREPYVSCDPDECRFYALSQGTTIRGKHSNGTIHDRSQYRALISWPLSSPPTVHNSRVECIGWSSTSCHDGKSRMSICISGPNNNASAVVWYNRRPVAEINTWARNILRTQESECVCHNGVCPVVFTDGPATGPADTRIYYFKEGKILKWESLTGTAKHIEECSCYGERTGITCTCRDNWQGSNRPVVQIDPVAMTHTSQYICSPVLTDSPRPNDPNIGKCNDPYPGNNNNGVKGFSYLDGANTWLGRTISTASRSGYEMLKVPNALTDDRSKPIQGQTIVLNADWSGYSGSFMDYWAEGDCYRACFYVELIRGRPKEDKVWWTSNSIVSMCSSTEFLGQWNWPDGAKIEYFL,H7,N9,0.008253832024424519
A/Quzhou/1/2015,H7N9,NA,2015-04-25,EPI621121,MNPNQKILCTSATAITIGAIAVLIGIANLGLNIGLHLKPGCNCSHSQPETTNTSQTIINNYYNETNITNIQMEERTNRNFNNLTKGLCTINSWHIYGKDNAVRIGESSDVLVTREPYVSCDPDECRFYALSQGTTIRGKHSNGTIHDRSQYRALISWPLSSPPTVYNSRVECIGWSSTSCHDGKSRMSICISGPNNNASAIVWYNRRPVAEINTWARNILRTQESECVCHNGVCPVVFTDGPATGPADTRIYYFKEGKILKWESLTGTAKHIEECSCYGERTGITCTCKDNWQGSNRPVIQIDPVAMTHTSQYICSPVLTDSPRPNDPNIGKCNDPYPGNNNNGVKGFSYLDGANTWLGRTISTASRSGYEMLKVPNALTDDRSKPIQGQTIVLNADWSGYSGSFMDYWAEGDCYRACFYVELIRGRPKEDKVWWTSNSIVSMCSSTEFLGQWNWPDGAKIEYFL,H7,N9,0.007178820699726499
A/Hubei/39269/2016,H7N9,NA,2016-03-14,EPI1102030,MNPNQKILCTSATAITIGAIAVLIGIANLGLNIGLHLKPGCNCSHSQPETTNTSQTIINNYYNETNITNIQIEERTSRNFNNLTKGLCTINSWHIYGKDNAVRIGESSDVLVTREPYVSCDPDECRFYALSQGTTIRGKHSNGTIHDRSQYRALISWPLSSPPTVHNSRVECIGWSSTSCHDGKSRMSICISGPNNNASAVVWYNRRPVAEINTWARNILRTQESECVCHNGVCPVVFTDGPATGPADTRIYYFKEGKILKWESLTGTAKHIEECSCYGERTGITCTCRDNWQGSNRPVVQIDPVAMKHTSQYICSPVLTDSPRPNDPNIGKCNDPYPGNNNNGVKGFSYLDGANTWLGRTISTASRSGYEMLKVPNALTDDRSKPIQGQTIVLNADWSGYSGSFMDYWAEGDCYRACFYVELIRGRPKEDKVWWTSNSIVSMCSSTEFLGQWNWPDGAKIEYFL,H7,N9,0.008253832024424519
A/WuXi/0219/2016,H7N9,NA,2016-02-19,EPI1555481,MNPNQKILCTSATAITIGAIAVLIGIANLGLNIGLHLKPGCNCPHSQPETTNTSQTIINNYYNETNITNIQMEERTSRNFNNLTKGLCTINSWHIYGKDNAVRIGESSDVLVTREPYVSCDPDECRFYALSQGTTIRGKHSNGTIHDRSQYRALISWPLSSPPTVHNSRVECIGWSSASCHDGKSRMSICISGPNNNASAVVWYNRRPIAEINTWARNILRTQESECVCHNGVCPVVFTDGPATGPADTRIYYFKEGKILKWESLTGTAKHIEECSCYGERTGITCTCRDNWQGSNRPVIQIDPVAMTHTSQYICSPVLTDSPRPNDPNIGKCNDPYPGNNNNGVKGFSYLDGANTWLGRTISTASRSGYEMLKVPNALTDDRSKPIQGQTIVLNADWSGYSGSFMDYWAEGDCYRACFYVELIRGRPKEDKVWWTSNSIVSMCSSTEFLGQWNWPDGAKIEYFL,H7,N9,0.011325230373335703
A/Jiangsu/03756/2016,H7N9,NA,2016-01-12,EPI1103894,MNPNQEILCTSATAITIGAIAVLIGIANLGLNIGLHLKPDCNCPHSQPETTNTSQTIINNYYNETNITNIQMEERTSRNFNNLTKGLCTINSWHIYGKDNAVRIGESSDVLVTREPYVSCDPDECRFYALSQGTTIRGKHSNGTIHDRSQYRALISWPLSSPPTVYNSRVECIGWSSTSCHDGKSRMSICISGPNNNASAVVWYNRRPVAEINTWARNILRTQESECVCHNGVCPVVFTDGPATGPADTRIYYFKEGKILKWESLTGTAKHIEECSCYGERTGITCTCRDNWQGSNRPVIQIDPVAMTHTSQYICSPVLTDSPRPNDPNIGKCNDPYPGNNNNGVKGFSYLDGANTWLGRTISTASRSGYEMLKVPNALTDDRSKPIQGQTIVLNADWSGYSGSFMDYWAEGDCYRACFYVELIRGRPKEDKVWWTSNSIVSMCSSTEFLGQWNWPDGAKIEYFL,H7,N9,0.004834201774504239
A/Jiangsu/15026/2016,H7N9,NA,2016-01-26,EPI1103383,MNPNQKILCTSATAITIGAIAVLIGIANLGLNIGLHLKPGCNCPHSQPETTNTSQTIINNYYNETNITNIQIEERTSRNFNNLTKGLCTINSWHIYGKDNAVRIGESSDVLVTREPYVSCDPDECRFYALSQGTTIRGKHSNGTIHDRSQYRALISWPLSSPPTVHNSRVECIGWSSTSCHDGKSRMSICISGPNNNASAVVWYNRRPVAEINTWARNILRTQESECVCHNGVCPVVFTDGPATGPADTRIYYFKEGKILKWESLTGTAKHIEECSCYGERTGITCTCRDNWQGSNRPVVQIDPVAMTHTSQYICSPVLTDSPRPNDPNIGKCNDPYPGNNNNGVKGFSYLDGANTWLGRTISTASRSGYEMLKVPNALTDDRSKPIQGQTIVLNADWSGYSGSFMDYWAEGDCYRACFYVELIRGRPKEDKVWWTSNSIVSMCSSTEFLGQWNWPDGAKIEYFL,H7,N9,0.008253832024424519
A/Anhui/33228/2015,H7N9,NA,2015-04-08,EPI628727,MNPNQKILCTSATAITIGAIAVLIGIANLGLNIGLHLKPGCNCSRSQPETTNTSQTIINNYYNETNITNIQMEERTSRNFNNLTKGLCTINSWHIYGKDNAVRIGESSDVLVTREPYVSCDPDECRFYALSQGTTIRGKHSNGTIHDRSQYRALISWPLSSPPTVYNSRVECIGWSSTSCHDGKSRMSICISGPNNNASAVVWYNRRPVAEINTWARNILRTQESECVCHNGVCPVVFTDGPATGPADTRIYYFKEGKILKWESLTGTAKHIEECSCYGERTGITCTCRDNWQGSNRPVIQIDPVAMTHTSQYICSPVLTDSPRPNDPNIGKCNDPYPGNYNNGVKGFSYLDGANTWLGRTISTASRSGYEMLKVPNALTDDRSKPIQGQTIVLNADWSGYSGSFMDYWAEGDCYRACFYVELIRGRPKEDKVWWTSNSIVSMCSSTEFLGQWNWPDGAKIEYFL,H7,N9,0.018447704498972015
A/Anhui/42444/2015,H7N9,NA,2015-06-24,EPI1100518,MNPNQKILCTSATAITIGAIAVLIGIANLGLNIGLHLKPGCNCSHSQPETTNTSQTIINNYYNGTNVTNIQMEERKSRNFNNLTKGLCTINSWHIYGKDNAVRIGESSDVLVTREPYVSCDPDECRFYALSQGTTIRGKHSNGTIHDRSQYRALISWPLSSPPTVYNSRVECIGWSSTSCHDGKSRMSICISGPNNNASAVVWYNRRPVAEINTWARNILRTQESECVCHNGVCPVVFTDGPATGPADTRIYYFKEGKILKWESLTGTAKHIEECSCYGERTGITCTCRDNWQGSNRPVIQIDPVAMTHTSQYICSPVLTDSPRPNDPNIGKCNDPYPGNNNNGVKGFSYLDGANTWLGRTISTASRSGYEMLKVPNALTDDRSKPIQGQTIVLNADWSGYSGSFMDYWAEGDCYRACFYVELIRGRPKEDKVWWTSNSIVSMCSSTEFLGQWNWPDGAKIEYFL,H7,N9,0.004834201774504239
A/Guangdong/16SF007/2016,H7N9,NA,2016-01-12,EPI1101550,MNPNQKILCTSATAITIGAIAVLIGIANLGLNIGLHLKPGCNCSHSQPETTNTSQTIINNYYNETNITNIQIEERTSRNFNNLTKGLCTINSWHIYGKDNAVRIGESSDVLVTREPYVSCDPYECRFYALSQGTTIRGKHSNGTIHDRSQYRALISWPLSSPPTVHNSRVECIGWSSTSCHDGKSRMSICISGPNNNASAVVWYNRRPVAEINTWARNILRTQESECVCHNGVCPVVFTDGPATGPADTRIYYFKEGKILKWESLTGTAKHIEECSCYGERTGITCTCRDNWQGSNRPVVQIDPVAMTHTSQYICSPVLTDSPRPNDPNIGKCNDPYPGNNNNGVKGFSYLDGANTWLGRTISTASRSGYEMLKVPNALTDDRSKPIQGQTIVLNADWSGYSGSFMDYWAEGDCYRACFYVELIRGRPKEDKVWWTSNSIVSMCSSTEFLGQWNWPDGAKIEYFL,H7,N9,0.008253832024424519
A/Zhejiang/1/2016,H7N9,NA,2016-03-07,EPI1102972,MNPNQKILCTSATAIIIGATAVLIGIANLGLNIGLHLKPGCNCSNSQPETTNTSQTIINNYYNETNITNIQMEEKTSRNFNNLTKGLCTINSWHIYGKDNALRIGESSDVLVTREPYVSCDPDECRFYALSQGTTIRGKHSNGTIHDRSQYRALISWPLSSPPTVYNSRVECIGWSSTSCHDGKSRMSVCVSGPNNNASAVVWYNRRPVAEINTWARNILRTQESECVCHNGICPIVFTDGSATGPADTRIYYFKEGKILKWESLNGTAKHIEECSCYGERTGITCTCRDNWQGSNRPVIQIDPVAMTHTSQYICSPVLTDTPRPNDPNIGKCNDPYPGNSNNGVKGFSYLDGANTWLGRTISTASRSGYEMLKVPNALTDDRSKPIQGQTIVLNADWSGYSGSFMDYWAEGDCYRACFYVELIRGRPKEDKVWWTSNSIVSMCSSAEFLGQWNWPDGAKIEYFL,H7,N9,0.014826378909868088
A/Quzhou/2/2015,H7N9,NA,2015-04-23,EPI621128,MNPNQKILCTSATAITIGAIAVLIGIANLGLNIGLHLKPGCNCSHSQPETTNTSQTIINNYYNETNITNIQMEERTNRNFNNLTKGLCTINSWHIYGKDNAVRIGESSDVLVTREPYVSCDPDECRFYALSQGTTIRGKHSNGTIHDRSQYRALISWPLSSPPTVYNSRVECIGWSSTSCHDGKSRMSICISGPNNNASAIVWYNRRPVAEINTWARNILRTQESECVCHNGVCPVVFTDGPATGPADTRIYYFKEGKILKWESLTGTAKHIEECSCYGERTGITCTCRDNWQGSNRPVIQIDPVAMTHTSQYICSPVLTDSPRPNDPNIGKCNDPYPGNNNNGVKGFSYLDGANTWLGRTISTASRSGYEMLKVPNALTDDRSKPIQGQTIVLNADWSGYSGSFMDYWAEGDCYRACFYVELIRGRPKEDKVWWTSNSIVSMCSSTEFLGQWNWPDGAKIEYFL,H7,N9,0.004945550993210616
A/Anhui/40094/2015,H7N9,NA,2015-05-23,EPI628559,MNPNQKILCTSATAITIGAIAVLIGIANLGLNIGLHLKPGCNCSHSQPETTNTSQTIINNYYNETNITNIQMEERTSRNFNNLTKGLCTINSWHIYGKDNAVRIGESSDVLVTREPYVSCDPDECKFYALSQGTTIRGKHSNGTIHDRSQYRALISWPLSSPPTVYNSRVECIGWSSTSCHDGKSRMSICISGPNNNASAIVWYNRRPVAEINTWARNILRTQESECVCHNGVCPVVFTDGPATGPADTRIYYFKEGKILKWESLTGTAKHIEECSCYGERTGITCTCRDNWQGSNRPVIQIDPVAMTHTSQYICSPVLTDSPRPNDPSIGKCNDPYPGNNNNGVKGFSYLDGANTWLGRTISTASRSGYEMLKVPNALTDDRSKPIQGQTIVLNADWSGYSGSFMDYWAEGDCYRACFYVELIRGRPKEDKVWWTSNSIVSMCSSTEFLGQWNWPDGAKIEYFL,H7,N9,0.007484784286916636
A/WuXi/0506/2015,H7N9,NA,2015-05-06,EPI1555476,MNPNQKILCTSATTIIIGAIAVLIGIANLGLNIGLHLKPGCNCSHSQPETTNTSQTIINNYYNETNITNIQMEERTSRNFNNLTKGLCTINSWHIYGKDNAVRIGESSDVLVTREPYVSCDPDECRFYALSQGTTIRGKHSNGTTHDRSQYRALISWPLSSPPTVYNSRVECIGWSSTSCHDGKSRMSICISGPNNNASAVVWYNRRPVAEINTWARNILRTQESECVCHNGVCPVVFTDGSATGPADTRIYYFKEGKILKWESLTGTAKHIEECSCYGERTGITCTCRDNWQGSNRPVIQIDPVAMTHTSQYICSPVLTDNPRPNDPNIGKCNDPYPGNNNNGVKGFSYLDGANTWLGRTISTASRSGYEMLKVPNALTDDRSKPIQGQTIVLNADWSGYSGSFMDYWAEGDCYRACFYVELIRGRPKEDKVWWTSNSIVSMCSSTEFLGQWNWPDGAKIEYFL,H7,N9,0.0
A/Hubei/34007/2015,H7N9,NA,2015-04-22,EPI628615,MNPNQKILCTSATAITIGAIAVLIGIANLGLNIGLHLKPGCNCSRSQPETTNTSQTIINNYYNETNITNIQMEERTSRNFNTLTKGLCTINSWHIYGKDNAVRIGESSDVLVTREPYVSCDPDECRFYALSQGTTIRGKHSNGTIHDRSQYRALISWPLSTPPTVYNSRVECIGWSSTSCHDGKSRMSICISGPNNNASAVVWYNRRPVAEINTWARNILRTQESECVCHNGVCPVVFTDGPATGPADTRIYYFKEGKILKWESLTGTAKHIEECSCYGERTGITCTCRDNWLGSNRPVIQIDPVAMTHTSQYICSPVLTDSPRPNDPDIGKCNDPYPGNNNNGVKGFSYLDGANTWLGRTISTASRSGYEMLKVPNALTDDRSKPIQGQTIVLNADWSGYSGSFMDYWAEGDCYRACFYVELIRGRPKEDKVWWTSNSIVSMCSSTEFLGQWNWPDGAKIEYFL,H7,N9,0.010625061716262605
A/Anhui/40095/2015,H7N9,NA,2015-05-23,EPI628567,MNPNQKILCTSATAITIGAIAVLIGIANLGLNIGLHLKPGCNCSLSQPETTNTSQTIINNYYNETNITNIQMEERTSRNFNNLTKGLCTINSWHIYGKDNAVRIGESSEVLVTREPYVSCDPDECRFYALSQGTTIRGKHSNGTIHDRSQYRALISWPLSSPPTVYNSRVECIGWSSTSCHDGKSRMSICISGPNNNASAVVWYNRRPVAEINTWARNILRTQESECVCHNGVCPVVFTDGPATGPADTRIYYFKEGKILKWESLTGTAKHIEECSCYGERTGITCTCRDNWQGSNRPVIQIDPVAMTHTSQYICSPVLTDSPRPNDPNIGKCNDPYPGNNNNGVKGFSYLDGANTWLGRTISTASRSGYEMLKVPNALTDDRSKPIQGQTIVLNADWSGYSGSFMDYWAEGDCYRACFYVELIRGRPKEDKVWWTSNSIVSMCSSTEFLGQWNWPDGAKIEYFL,H7,N9,0.005548726833049582
A/Guangdong/MZ828/2015,H7N9,NA,2015-11-21,EPI1057927,MNPNQKILCTSATAITIGAIAVLIGIANLGLNIGLHLKPGCNCSHSQPETTNTSQTIINNYYNETNITNIQTEERTSRNFNNLTKGLCTINSWHIYGKDNAVRIGESSDVLVTREPYVSCDPDECRFYALSQGTTIRGKHSNGTIHDRSQYRALISWPLSSPPTVYNSRVECIGWSSTSCHDGKSRMSICISGPNNNASAVVWYNRRPVAEINTWARNILRTQESECVCHNGVCPVVFTDGPATGPADTRIYYFKEGKILKWESLTGTAKHIEECSCYGKRTGITCTCRDNWQGSNRPVIQIDPVAMTHTSQYICSPVLTDSPRPNDPNIGKCNDPYPGSNNNGVKGFSYLDGANTWLGRTISTASRSGYEMLKVPNALTDDRSKPIQGQTIVLNADWSGYSGSFMDYWAEGDCYRACFYVELIRGRPKEDKVWWTSNSIVSMCSSTEFLGQWNWPDGAKIEYFL,H7,N9,0.006764064110106679
A/Fujian/1/2016,H7N9,NA,2016-01-13,EPI833707,MNPNQKILCTSATAITIGAIAALIGIANLGLNIGLHLKPGCNCSRSQPETTNTSQTIINNYYNETNITNIQMEERTSRNFNKLTKGLCTINSWHIYGKDNAVRIGESSDVLVTREPYVSCDPDECRFYALSQGTTIRGKHSNGTIHDRSQYRALISWPLSSPPTVYNSRVECIGWSSTSCHDGKSRMSICISGPNNNASAVVWYNRRPVAEINTWARNILRTQESECVCHDGVCPVVFTDGPATGPADTRIYYFKEGKILKWESLTGTAKHIEECSCYGERTGITCTCRDNWQGSNRPVIQIDPVAMTHTSQYICSPVLTDSPRPNDPNIGKCNDPYPGNNNNGVKGFSYLDGANTWLGRTISTASRSGYEMLKVPNALTDDRSKPIQGQTIVLNADWSGYSGSFMDYWAEGDCYRACFYVELIRGRPKEDKVWWTSNSIVSMCSSTEFLGQWNWPDGAKIEYFL,H7,N9,0.007974479203850207
