name,subtype,segment,date,accession,sequence,HA,NA,risk
A/Qatar/47-VI-21-3995023/2021,H3N2,NA,2021-08-11,EPI1889314,MNPNQKIITIGSVSLTISTICFFMQIAILITTVTLHFKQYEFNSPPNNQVMLCEPTIIERNITEIVYLTNTTIEKEICPKPAEYRNWSKPQCGITGFAPFSKDNSIRLSAGGDIWVTREPYVSCDLDKCYQFALGQGTTLNNVHSNNTVRDRTPYRTLLMNELGVPFHLGTKQVCIAWSSSSCHDGKAWLHVCITGDDKNATASFIYNGRLVDSVVSWSNDILRTQESECVCINGTCTVVMTDGNATGKADTKILFIEEGKIVHTSKLSGSAQHVEECSCYPRYPGVRCVCRDNWKGSNRPIIDINIKDHSIVSRYVCSGLVGDTPRKSDSSSSSHCLNPNNEKGDHGVKGWAFDDGNDVWMGRTINETSRLGYETFKVVEGWSNPKSKLQINRQVIVDRGDRSGYSGIFSVEGKSCINRCFYVELIRGRKEETEVLWTSNSIVVFCGTSGTYGTGSWPDGANLSLMHI,H3,N2,0.23637018858457326
A/Vietnam/Vnhcm-Gs507/2020,H3N2,NA,2020-10-21,EPI1852292,MNPNQKIITIGSVSLTISTICFFMQIAILITTVTLHFKQYEFNSPPNNQVMLCEPTIIERNMTEIVYLTNTTIEKEICPKPAXYRNWSKPQCGITGFAPFSKDNSIRLSAGGDIWVTREPYVSCDLDKCYQFALGQGTTLNNVHSNNTVRDRTPYRTLLMNELGVPFHLGTKQVCIAWSSSSCHDGKAWLHVCITGDDKNATASFIYNGRLVDSVVSWSNDILRTQESECVCINGTCTVVMTDGNATGKADTKILFIEEGKIVHTSKLSGSAQHVEECSCYPRYPGVRCVCRDNWKGSNRPIIDINIKDHSIVSRYVCSGLVGDTPRKSDSSSSSHCLNPNNEKGDHGVKGWAFDDGNDVWMGRTINETSRLGYETFKVVEGWSNPKSKLQINRQVIVDRGDRSGYSGIFSVEGKSCINRCFYVELIRGRKEETEVLWTSNSIVVFCGTSGTYGTGSWPDGANLSLMHI,H3,N2,0.23638337346620406
A/Ethiopia/4006/2021,H3N2,NA,2021-09-02,EPI1969651,MNPNQKIITIGSVSLTISTICFFMQIAILITTVTLHFKQYEFNSPPNNQVMLCEPTIIERNITEIVYLTNTTIEKEICPKPAEYRNWSKPQCGITGFAPFSKDNSIRLSAGGDIWVTREPYVSCDLDKCYQFALGQGTTLNNVHSNNTVRDRTPYRTLLMNELGVPFHLGTKQVCIAWSSSSCHDGKAWLHVCVTGDDKNATASFIYNGRLVDSVVSWSNDILRTQESECVCINGTCTVVMTDGNATGKADTKILFIEEGKIIHTSKLSGSAQHVEECSCYPRYPGVRCVCRDNWKGSNRPIIDINIKDHSIVSSYVCSGLVGDTPRKSDSSSSSHCLNPNNEKGGHGVKGWAFDDGNDVWMGRTINETSRLGYETFKVVEGWSNPKSKLQINRQVIVDRGDRSGYSGIFSVEGKSCINRCFYVELIRGRKEETEVLWTSNSIVVFCGTSGTYGTGSWPDGADLNLMHI,H3,N2,0.23641031550919053
A/Laos/1039/2021,H3N2,NA,2021-03-22,EPI1921743,MNPNQKIITIGSVSLTISTICFFMQIAILITTVTLHFKQYEFNSPPNNQVMLCEPTIIERNMTEIVYLTNTTIEKEICPKPAEYRNWSKPQCGITGFAPFSKDNSIRLSAGGDIWVTREPYVSCDLDKCYQFALGQGTTLNNVHSNNTVRDRTPYRTLLMNELGVPFHLGTKQVCIAWSSSSCHDGKAWLHVCITGDDKNATASFIYNGRLVDSVVSWSNDILRTQESECVCINGTCTVVMTDGNATGKADTKILFIEEGKIVHTSKLSGSAQHVEECSCYPRYPGVRCVCRDNWKGSNRPIIDINIKDHSIVSRYVCSGLVGDTPRKSDSSSSSHCLNPNNEKGDHGVKGWAFDDGNDVWMGRTINETSRLGYETFKVVEGWSNPKSKLQINRQVIVDRGDRSGYSGIFSVEGKSCINRCFYVELIRGRKEETEVLWTSNSIVVFCGTSGTYGTGSWPDGANLSLMHI,H3,N2,0.23638337346620406
A/Togo/0928/2021,H3N2,NA,2021-09-19,EPI1991521,MNPNQKIITIGSVSLTISTICFFMQIAILITTVTLHFKQYEFNSPPNNQVILCEPTIIERNITEIVYLINTTIEKEICPKPVEYRNWSKPQCGITGFAPFSKDNSIRLSAGGDIWVTREPYVSCDLDKCYQFALGQGTTLNNVHSNNTVRDRTPYRTLLMNELGVPFHLGTKQVCIAWSSSSCHDGKAWLHVCITGDDKNATASFIYNGRLVDSVVSWSNDILRTQESECVCINGTCTVVMTDGNATGRTDTKILFIEEGKIIHTSKLSGSAQHVEECSCYPRYPGVRCVCRDNWKGSNRPIIDINIKDHSIVSSYVCSGLVGDTPRRSDSSSSSHCLNPNNEKGGHGVKGWAFDDGNDVWMGRTINETSRLGYETFKVVEGWSNPKSKLQINRQVIVDRGDRSGYSGIFSVEGKSCINRCFYVELIRGRKEETEVLWTSNSIVVFCGTSGTYGTGSWPDGADLNLMHI,H3,N2,0.23568397364183424
A/Arsal/5768/2021,H3N2,NA,2021-09-13,EPI1925513,MNPNQKIITIGSVSLTISTICFFMQIAILITTVTLHFKQYEFNSPPNNQVMLCEPTIIERNITEIVYLTNTTIEKEICPKPAEYRNWSKPQCGITGFAPFSKDNSIRLSAGGDIWVTREPYVSCDLDKCYQFALGQGTTLNNVHSNNTVRDRTPYRTLLMNELGVPFHLGTKQVCIAWSSSSCHDGKAWLHVCITGDDKNATASFIYNGRLVDSVVSWSNDILRTQESECVCINGTCTVVMTDGNATGKADTKILFIEEGKIVHTSKLSGSAQHVEECSCYPRYPGVRCVCRDNWKGSNRPIIDINIKDHSIVSRYVCSGLVGDTPRKSDSSSSSHCLNPNNEKGGHGVKGWAFDDGNDVWMGRTINETSRLGYETFKVVEGWSNPKSKLQINRQVIVDRGNRSGYSGIFSVEGKSCINRCFYVELIRGRKEETEVLWTSNSIVVFCGTSGTYGTGSWPDGANLSLMHI,H3,N2,0.23634404240549153
A/Darwin/25/2021,H3N2,NA,2021-08-18,EPI1892535,MNPNQKIITIGSVSLTISTICFFMQIAILITTVTLHFKQYEFNSPPNNQVMLCKPTVIERNITEIVYLTNTTIEKEICPKPAEYRNWSKPQCGITGFAPFSKDNSIRLSAGGDIWVTREPYVSCDLDKCYQFALGQGTTLNNVHSNNTVSDRTPYRTLLMNELGVPFHLGTKQVCIAWSSSSCHDGKAWLHVCITGDDKNATASFIYNGRLVDSVVSWSNDILRTQESECVCINGTCTVVMTDGNATGKADTKILFIEEGKIVHTSKLSGSAQHVEECSCYPRYPGVRCVCRDNWKGSNRPIIDINIKDHSIVSRYVCSGLVGDTPRKNDSSSSSHCLNPNNEKGDHGVKGWAFDDGNDVWMGRTINETSRLGYETFKVVEGWSNPKSKLQINRQVIVDRGDRSGYSGIFSVEGKSCINRCFYVELIRGRKEETEVLWTSNSIVVFCGTSGTYGTGSWPDGANLSLMHI,H3,N2,0.23626836615745855
A/Oman/5202/2021,H3N2,NA,2021-09-09,EPI1925270,MNPNQKIITIGSVSLTISTICFFMQIAILITTVTLHFKQYEFNSPPNNQVMLCEPTIIERNITEIVYLTNTTIEKEICPKPAEYRNWSKPQCGITGFAPFSKDNSIRLSAGGDIWVTREPYVSCDLDKCYQFALGQGTTLNNVHSNNTVRDRTPYRTLLMNELGVPFHLGTKQVCIAWSSSSCHDGKAWLHVCITGDDKNATASFIYNGRLVDSVVSWSNDILRTQESECVCINGTCTVVMTDGNATGKADTKILFIEEGKIIHTSKLSGSAQHVEECSCYPRYPGVRCVCRDNWKGSNRPIIDINIKDHSIVSSYVCSGLVGDTPRKSDSSSSSHCLNPNNEKGGHGVKGWAFDDGNDVWMGRTINETSRLGYETFKVVEGWSNPKSKLQINRQVIVERGDRSGYSGIFSVEGKSCINRCFYVELIRGRKEETEVLWTSNSIVVFCGTSGTYGTGSWPDGADLNLMHI,H3,N2,0.2364036778908675
A/Alberta/01/2020_(H1N2)v,H1N2,NA,2020-10-01,EPI1815178,MNPNQKIITIGSVSLIIATICFLMQIAILVTTVTLHFKQHDCNSSSNNQVMLCEPIIIERNKTEIVYLTNTTVEKEICPKPAEYRNWSKPQCNIAGFAPFSKDNSIRLSAGGDIWVTREPYVSCDLDKCYQFALGQGTTLNNRHSNDTVHDRTPYRTLLMNELGVPFHLGTRQVCVAWSSSSCHDGKAWLHVCITGDDNNATASFIYNGRLVDSVVSWSKNILRTQESECVCINGTCTVVMTDGSASGKADTRILFIVEGKIIHVSKLSGSAQHVEECSCYPRYPGVRCVCRDNWKGSNRPIVDINMKDYSIVSSYVCSGLVGDTPRKTDSLSSSNCLDPNNEEGDHGVKGWAFDDGDDVWMGRTINETLRLGYETFKVIKGWSKPNSKLQTNRQVIVKGGNRSGYSGIFSVEGKNCINRCFYVELIRGRREETRVWWTSNSIVVFCGTSGTYGTGSWPDGADINLMPI,H1,N2,0.23428228463729378
A/Norway/16606/2021,H3N2,NA,2021-08-07,EPI1922182,MNPNQKIITIGSVSLTISTICFFMQIAILITTVTLHFKQYEFNSPPNNQVMLCEPTIIERNITEIVYLTNTTIEKEICPKPAEYRNWSKPQCGITGFAPFSKDNSIRLSAGGDIWVTREPYVSCDLDKCYQFALGQGTTLNNVHSNNTVHDRTPYRTLLMNELGVPFHLGTKQVCIAWSSSSCHDGKAWLHVCITGDDKNATASFIYNGRLVDSVVSWSNDILRTQESECVCINGTCTVVMTDGNATGKADTKILFIEEGKIVHTSKLSGSAQHVEECSCYPRYPGVRCVCRDNWKGSNRPIIDINIKDHSIVSRYVCSGLVGDTPRKSDSSSSSHCLNPNNEKGDHGVKGWAFDDGNDVWMGRTINETSRLGYETFKVVEGWSNPKSKLQINRQVIVDRGDRSGYSGIFSVEGKSCINRCFYVELIRGRKEETEVLWTSNSIVVFCGTSGTYGTGSWPDGANLSLMHI,H3,N2,0.23634278252681107
A/South_Africa/13804/2021,H3N2,NA,2021-09-14,EPI1984107,MNPNQKIITIGSVSLTISTICFFMQIAILITTVTLHFKQYEFNSPPNNQVMLCEPTIIERNITEIVYLTNTTIEKEICPKPAEYRNWSKPQCGITGFAPFSKDNSIRLSAGGDIWVTREPYVSCDLDKCYQFALGQGTTLNNVHSNNTVRDRTPYRTLLMNELGVPFHLGTKQVCIAWSSSSCHDGKAWLHVCITGDDKNATASFIYNGRLVDSVVSWSNDILRTQESECVCINGTCTVVMTDGNATGKADTKILFIEEGKIIHTSKLSGSAQHVEECSCYPRYPGVRCVCRDNWKGSNRPIIDINIKDHSIISSYVCSGLVGDTPRKSDSSSSSHCLHPNNEKGGHGVKGWAFDDGNDVWMGRTINETSRLGYETFKVVEGWSNPKSKLQINRQVIVDRGDRSGYSGIFSVEGKSCINRCFYVELIRGRKEETEVLWTSNSIVVFCGTSGTYGTGSWPDGADLNLMHI,H3,N2,0.23643284161691344
A/Cote_d'Ivoire/2866/2020,H3N2,NA,2020-11-26,EPI1845833,MNPNQKIITIGSVSLTISTICFLMQIAILITTVTLHFKQYEFNFPPNNQVMLCEPTIIERNITEIVYLTNTTIEKEICPKPAEYRNWSKPQCGITGFAPFSKDNSIRLSAGGDIWVTREPYVSCDLDKCYQFALGQGTTLNNVHSNNTVRDRTPYRTLLMNELGVPFHLGTKQVCIAWSSSSCHDGKAWLHVCITGDDKNATASFIYNGRLVDSVVSWSNDILRTQESECVCINGTCTVVMTDGNATGKADTKILFIEEGKIIHTSKLSGSAQHVEECSCYPRYPGVRCVCRDNWKGSNRPIIDINIKDHSIVSSYVCSGLVGDTPRKSDSSSSSHCLNPNNEKGGHGVKGWAFDDGNDVWMGRTINETSRLGYETFKVVEGWSNPKSKLQINRQVIVDRGDRSGYSGIFSVEGKSCINRCFYVELIRGRKEETEVLWTSNSIVVFCGTSGTYGTGSWPDGADLNLMHI,H3,N2,0.23605639441850315
A/Cambodia/20101126/2020,H3N2,NA,2020-10-05,EPI2439996,MNPNQKIITIGSVSLTISTICFFMQIAILITTVTLHFKQYEFNSPPNNQVMLCEPTIIERNMTEIVYLTNTTIEKEICPKPAEYRNWSKPQCGITGFAPFSKDNSIRLSAGGDIWVTREPYVSCDLDKCYQFALGQGTTLNNVHSNNTVRDRTPYRTLLMNELGVPFHLGTKQVCIAWSSSSCHDGKAWLHVCITGDDKNATASFIYNGRLVDSVVSWSNDILRTQESECVCINGTCTVVMTDGNATGKADTKILFIEEGKIVHTSKLSGSAQHVEECSCYPRYPGVRCVCRDNWKGSNRPIIDINIKDHSIVSRYVCSGLVGDTPRKSDSSSSSHCLNPNNEKGDHGVKGWAFDDGNDVWMGRTINETSRLGYETFKVVEGWSNPKSKLQINRQVIVDRSDRSGYSGIFSVEGKSCINRCFYVELIRGRKEETEVLWTSNSIVVFCGTSGTYGTGSWPDGANLSLMHI,H3,N2,0.236398415494376
A/Zambia/0170/2021,H3N2,NA,2021-04-28,EPI2003428,MNPNQKIITIGSVSLTISTICFFMQIAILITTVTLHFKQYEFNSPPNNQVMLCEPTIIERNITEIVYLTNTTIEKEICPKPAEYRNWSKPQCDITGFAPFSKDNSIRLSAGGDIWVTREPYVSCDLDKCYQFALGQGTTLNNVHSNNTVRDRTPYRTLLMNELGVPFHLGTKQVCIAWSSSSCHDGKAWLHVCITGDDKNATASFIYNGRLVDSVVSWSNDILRTQESECVCINGTCTVVMTDGNATGKADTKILFIEEGKIVHTSKLSGSAQHVEECSCYPRYPGVRCVCRDNWKGSNRPIIDINIKDHSIVSSYVCSGLVGDTPRKSDSSSSSHCLNPNNEKGGHGVKGWAFDDGNDVWMGRTINETSRLGYETFKVVEGWSNPKSKLQINRQVIVDRGDRSGYSGIFSVEGKSCINRCFYVELIRGRKEETEVLWTSNSIVVFCGTSGTYGTGSWPDGADLNLMHT,H3,N2,0.23646086798073152
A/Nepal/21FL3136/2021,H3N2,NA,2021-09-02,EPI1998590,MNPNQKIITIGSVSLTISTICFFMQIAILITTVTLHFKQYEFNSPPNNQVMLCEPTIIERNITEIVYLTNTTIEKEICPKPAEYRNWSKPQCGITGFAPFSKDNSIRLSAGGDIWVTREPYVSCDLDKCYQFALGQGTTLNNVHSNNTVRDRTPYRTLLMNELGVPFHLGTKQVCIAWSSSSCHDGKAWLHVCITGDDKNATASFIYNGRLVDSVVSWSNDILRTQESECVCINGTCTVVMTDGNATGKADTKILFIEEGKIVHTSKLSGSAQHVEECSCYPRYPGVRCVCRDNWKGSNRPIIDINIKDHSIVSRYVCSGLVGDTPRKNDSSSSSHCLNPNNEKGDHGVKGWAFDDGNDVWMGRTINETSRLGYETFKVVEGWSNPKSKLQINRQVIVDRGDRSGYSGIFSVEGKSCINRCFYVELIRGRKEETEVLWTSNSIVVFCGTSGTYGTGSWPDGANLSLMHI,H3,N2,0.2362604750889976
A/Stockholm/9/2021,H3N2,NA,2021-09-06,EPI1923444,MNPNQKIITIGSVSLTISTICFFMQIAILITTVTLHFKQYEFNSPPNNQVMLCEPTIIERNITEIVYLTNTTIEKEICPKPAEYRNWSKPQCGITGFAPFSKDNSIRLSAGGDIWVTREPYVSCDLDKCYQFALGQGTTLNNVHSNNTVRDRTPYRTLLMNELGVPFHLGTKQVCIAWSSSSCHDGKAWLHVCVTGDDKNATASFIYNGRLVDSVVSWSNDILRTQESECVCINGTCTVVMTDGNATGKADTKILFIEEGKIIHTSKLSGSAQHVEECSCYPRYPGVRCVCRDNWKGSNRPIIDINIKDHSIVSSYVCSGLVGDTPRKSDSSSSSHCLNPNNEKGGHGVKGWAFDDGNDVWMGRTINETSRLGYETFKVVEGWSNPKSKLQINRQVIVDRGDRSGYSGIFSVEGKSCINRCFYVELIRGRKEETEVLWTSNSIVVFCGTSGTYGTGSWPDGAXLNLMHI,H3,N2,0.23641031550919053
A/Beirut/5517/2021,H3N2,NA,2021-09-01,EPI1937530,MNPNQKIITIGSVSLTISTICFFMQIAILITTVTLHFKQYEFNSPPNNQVMLCEPTIIERNITEIVYLTNTTIEKEICPKPAEYRNWSKPQCGITGFAPFSKDNSIRLSAGGDIWVTREPYVSCDLDKCYQFALGQGTTLNNVHSNNTVRDRTPYRTLLMNELGVPFHLGTKQVCIAWSSSSCHDGKAWLHVCITGDDKNATASFIYNGRLVDSVVSWSNDILRTQESECVCINGTCTVVMTDGNATGKADTKILFIEEGKIVHTSKLSGSAQHVEECSCYPRYPGVRCVCRDNWKGSNRPIIDINIKDHSIVSRYVCSGLVGDTPRKSDSSSSSHCLNPNNEKGGHGVKGWAFDDGNDVWMGRTINETSRLGYETFKVVEGWSNPKSKLQINRQVIVDRGDRSGYSGIFSVEGKSCINRCFYVELIRGRKEETEVLWTSNSIVVFCGTSGTYGTGSWPDGANLSLMHI,H3,N2,0.23644174922995995
A/Germany/12426/2021,H3N2,NA,2021-09-30,EPI1941759,MNPNQKIITIGSVSLTISTICFFMQIAILITTVTLHFKQYEFNSPPNNQVMLCEPTIIERNITEIVYLTNTTIEKEICPKPAEYRNWSKPQCGITGFAPFSKDNSIRLSAGGDIWVTREPYVSCDLDKCYQFALGQGTTLNNVHSNNTVRDRTPYRTLLMNELGVPFHLGTKQVCIAWSSSSCHDGKAWLHVCITGDDKNATASFIYNGRLVDSVVSWSNDILRTQESECVCINGTCTVVMTDGNATGKADTKILFIEEGKIVHTSKLSGSAQHVEECSCYPRYPGVRCVCRDNWKGSNRPIIDINIKDHSIVSRYVCSGLVGDTPRKSDSSSSSNCLNPNNEKGDHGVKGWAFDDGNDVWMGRTINETSRLGYETFKVVEGWSNPKSKLQINRQVIVDRGDRSGYSGIFSVEGKSCINRCFYVELIRGRKEETEVLWTSNSIVVFCGTSGTYGTGSWPDGANLSLMHI,H3,N2,0.23634831695848982
A/Kenya/GIHSN-HCL022160041901/2021,H3N2,NA,2021-09-09,EPI2250921,MNPNQKIITIGSVSLTISTICFFMQIAILITTVTLHFKQYEFNSPPNNQVMLCEPTIIERNITEIVYLTNTTIEKEICPKPAEYRNWSKPQCDITGFAPFSKDNSIRLSAGGDIWVTREPYVSCNLDKCYQFALGQGTTLNNVHSNNTVRDRTPYRTLLMNELGVPFHLGTKQVCIAWSSSSCHDGKAWLHVCITGDDKNATASFIYNGRLVDSVVSWSNDILRTQESECVCINGTCTVVMTDGNATGKADTKILFIEEGKIVHTSKLSGSAQHVEECSCYPRYPGVRCVCRDNWKGSNRPIIDINIKDHSIVSSYVCSGLVGDTPRKSDSSSSSHCLNPNNEKGGHGVKGWAFDDGNDVWMGRTINETSRLGYETFKVVEGWSNPKSKLQINRQVIVDRGDRSGYSGIFSVEGKSCINRCFYVELIRGRKEETEVLWTSNSIVVFCGTSGTYGTGSWPDGADLNLMHT,H3,N2,0.23645774980583226
A/Darwin/09/2021,H3N2,NA,2021-04-17,EPI1895047,MNPNQKIITIGSVSLTISTICFFMQIAILITTVTLHFKQYEFNSPPNNQVMLCEPTIIERNITEIVYLTNTTIEKEICPKPAEYRNWSKPQCGITGFAPFSKDNSIRLSAGGDIWVTREPYVSCDLDKCYQFALGQGTTLNNVHSNNTVSDRTPYRTLLMNELGVPFHLGTKQVCIAWSSSSCHDGKAWLHVCITGDDKNATASFIYNGRLVDSVVSWSNDILRTQESECVCINGTCTVVMTDGNATGKADTKILFIEEGKIVHTSKLSGSAQHVEECSCYPRYPGVRCVCRDNWKGSNRPIIDINIKDHSIVSRYVCSGLVGDTPRKSDSSSSSHCLNPNNEKGDHGVKGWAFDDGNDVWMGRTINETSRLGYETFKVVEGWSNPKSKLQINRQVIVDRGDRSGYSGIFSVEGKSCINRCFYVELIRGRKEETEVLWTSNSIVVFCGTSGTYGTGSWPDGANLSLMHI,H3,N2,0.23639323689575356
A/England/214021586/2021,H3N2,NA,2021-09-29,EPI1924456,MNPNQKIITIGSVSLTISTICFFMQIAILITTVTLHFKQYEFNSPPNNQVMLCEPTIIERNITEIVYLTNTTIEKEICPKPAEYRNWSKPQCGITGFAPFSKDNSIRLSAGGGIWVTREPYVSCDLDKCYQFALGQGTTLNNVHSNNTVRDRTPYRTLLMNELGVPFHLGTKQVCIAWSSSSCHDGKAWLHVCITGDDKNATASFIYNGRLVDSVVSWSNDILRTQESECVCINGTCTVVMTDGNATGKADTKILFIEEGKIVHTSKLSGSAQHVEECSCYPRYPGVRCVCRDNWKGSNRPIIDINIKDHSIVSRYVCSGLVGDTPRKNDSSSSSHCLNPNNEKGDHGVKGWAFDDGNDVWMGRTINETSRLGYETFKVVEGWSNPKSKLQINRQVIVDRGDRSGYSGIFSVEGKSCINRCFYVELIRGRKEETEVLWTSNSIVVFCGTSGTYGTGSWPDGANLSLMHI,H3,N2,0.23626706422748409
A/Kenya/108/2021,H3N2,NA,2021-02-12,EPI1881864,MNPNQKIITIGSVSLTISTICFFMQIAILITTVTLHFKQYEFNSPPNNQVMLCEPTIIERNMTEIVYLTNTTIEKEICPKPAEYRNWSKPQCGITGFAPFSKDNSIRLSAGGDIWVTREPYVSCDLDKCYQFALGQGTTLNNVHSNNTVRDRTPYRTLLMNELGVPFHLGTKQVCIAWSSSSCHDGKAWLHVCITGDDKNATASFIYNGRLVDSVVSWSNDILRTQESECVCINGTCTVVMTDGNATGKADTKILFIEEGKIVHTSKLSGSAQHVEECSCYPRYPGVRCVCRDNWKGSNRPIIDINIKDHSIVSRYVCSGLVGDTPRKSDSSSSSHCLNPNNEKGDHGVKGWAFDDGNDVWMGRTINETSRLGYETFKVVEGWSNPKSKLQINRQVIVDRGDRSGYSGIFSVEGKSCINRCFYVELIRGRKEETEVLWTSNSIVVFCGTSGTYGTGSWPDGANLSLMHT,H3,N2,0.23638337346620406
A/Stockholm/3/2021,H3N2,NA,2021-02-19,EPI1884886,MNPNQKIITIGSVSLTISTICFFMQIAILITTVTLHFKQYEFNSPPNNQVMLCEPTIIERNITEIVYLTNTTIEKEICPKPAEYRNWSKPQCGITGFAPFSKDNSIRLSAGGDIWVTREPYVSCDLDKCYQFALGQGTTLNNVHSNNTVRDRTPYRTLLMNELGVPFHLGTKQVCIAWSSSSCHDGKAWLHVCITGDDKNATASFIYNGRLVDSVVSWSNDILRTQESECVCINGTCTVVMTDGNATGKADTKILFIEEGKIVHTSKLSGSAQHVEECSCYPRYPGVRCVCRDNWKGSNRPIIDINIKDHSIVSRYVCSGLVGDTPRKSDSSSSSHCLNPNNEKGDHGVKGWAFDDGNDVWXGRTINETSRLGYETFKVVEGWSNPKSKLQINRQVIVDRGDRSGYSGIFSVEGKSCINRCFYVELIRGRKEETEVLWTSNSIVVFCGTSGTYGTGSWPDGANLSLMHI,H3,N2,0.23637018858457326
A/Zambia/0188/2021,H3N2,NA,2021-02-22,EPI2003420,MNPNQKIITIGSVSLTISTICFFMQIAILITTVTLHFKQYEFNSPPNNQVMLCEPTRIERNITEIVYLTNTTIEKEICPKPAEYRNWSKPQCDITGFAPFSKDNSIRLSAGGDIWVTREPYVSCDLDKCYQFALGQGTTLNNVHSNNTVRDRTPYRTLLMNELGVPFHLGTKQVCIAWSSSSCHDGKAWLHVCITGDDKNATASFIYNGRLVDSVVSWSNDILRTQESECVCINGTCTVVMTDGNATGKADTKILFIEEGKIVHTSKLSGSAQHVEECSCYPRYPGVRCVCRDNWKGSNRPIIDINIKDHSIVSSYVCSGLVGDTPRKSDSSSSSHCLNPNNEKGGHGVKGWAFDDGNDVWMGRTINETSRLGYETFKVIEGWSNPKSKLQINRQVIVDRGDRSGYSGIFSVEGKSCINRCFYVELIRGRKEETEVLWTSNSIVVFCGTSGTYGTGSWPDGADLNLMHT,H3,N2,0.23645926931741532
A/India/PUN-NIV301132/2021,H3N2,NA,2021-04-11,EPI1905740,MNPNQKIITIGSVSLTISTICFFMQIAILITTVTLHFKQYEFNSPPNNQVMPCEPTIIERNTTEIVYLTNTTIEKEICPKPVEYRNWSKPQCGITGFAPFSKDNSIRLSAGGDIWVTREPYVSCDLDKCYQFALGQGTTLNNVHSNNTVRDRTPYRTLLMNELGVPFHLGTKQVCIAWSSSSCHDGKAWLHVCITGDDKNATASFIYNGRLVDSVVSWSNDILRTQESECVCINGTCTVVMTDGNATGKADTKILFIEEGKIVHTSKLSGSAQHVEECSCYPRYPGVRCVCRDNWKGSNRPIIDINIKDHSIVSRYVCSGLVGDTPRKSDSSSSSHCLNPNNEKGDHGVKGWAFDDGDDVWMGRTINETSRLGYETFKVVEGWSNPKSKLQINRQVIVDRGDRSGYSGIFSVEGKSCINRCFYVELIRGRKEETEVLWTSNSIVVFCGTSGTYGTGSWPDGANLSLMHI,H3,N2,0.23637796555164375
A/Bangkok/58/2020,H3N2,NA,2020-11-10,EPI1853477,MNPNQKIITIGSVSLTISTICFFMQIAILITTVTLHFKQYEFNSPPNNQVMLCEPTIIERNMTEIVYLTNTTIEKEICPKPAEYRNWSKPQCGITGFAPFSKDNSIRLSAGGDIWVTREPYVSCDLDKCYQFALGQGTTLNNVHSNNTVRXRTPYRTLLMNELGVPFHLGTKQVCIAWSSSSCHDGKAWLHVCITGDDKNATASFIYNGRLVDSVVSWSNDILRTQESECVCINGTCTVVMTDGNATGKADTKILFIEEGKIVHTSKLSGSAQHVEECSCYPRYPGVRCVCRDNWKGSNRPIIDINIKDHSIVSRYVCSGLVGDTPRKSDSSSSSHCLNPNNEKGDHGVKGWAFDDGNDVWMGRTINETSRLGYETFKVVEGWSNPKSKLQINRQVIVDRGDRSGYSGIFSVEGKSCINRCFYVELIRGRKEETEVLWTSNSIVVFCGTSGTYGTGSWPDGANLSLMHI,H3,N2,0.23633688007910816
A/Thailand/4/2021,H3N2,NA,2021-06-18,EPI1924388,MNPNQKIITIGSVSLTISTICFLMQIAILITTVTLHFKQYEFNSPPNNQVMLCEPTIIERNMTEIVYLTNTTIEKEICPKPAEYRNWSKPQCGITGFAPFSKDNSIRLSAGGDIWVTREPYVSCDLDKCYQFALGQGTTLNNVHSNNTVHDRTPYRTLLMNELGVPFHLGTKQVCIAWSSSSCHDGKAWLHVCITGDDKNATASFIYNGRLVDSVVSWSNDILRTQESECVCINGTCTVVMTDGNATGKADTKILFIEEGKIVHTSKLSGSAQHVEECSCYPRYPGVRCVCRDNWKGSNRPIIDINIKDHSIVSRYVCSGLVGDTPRKSDSSSSSHCLNPNNEKGDHGVKGWAFDDGNDVWMGRTINETSRLGYETFKVVEGWSNPKSKLQINRQVIVDRGDRSGYSGIFSVEGKSCINRCFYVELIRGRKEETEVLWTSNSIVVFCGTSGTYGTGSWPDGANLSLMHI,H3,N2,0.2363558567941128
A/Myanmar/I039/2021,H3N2,NA,2021-08-01,EPI1998578,MNPNQKIITIGSVSLTISTICFFMQIAILITTVTLHFKQYEFNSPPNNQVMLCGPTIIERNITEIVYLTNTTIEKEICPKPAEYRNWSKPQCGITGFAPFSKDNSIRLSAGGDIWVTREPYVSCDLDKCYQFALGQGTTLNNVHSNNTVRDRTPYRTLLMNELGVPFHLGTKQVCIAWSSSSCHDGKAWLHVCITGDDKNATASFIYNGRLVDSVVSWSNDILRTQESECVCINGTCTVVMTDGNATGKADTKILFIEEGKIVHTSKLSGSAQHVEECSCYPRYPGVRCVCRDNWKGSNRPIIDINIKDHSIVSRYVCSGLVGDTPRKNDSSSSSHCLNPNNEKGDHGVKGWAFDDGNDVWMGRTINETSRLGYETFKVVEGWSNPKSKLQINRQVIVDRGDRSGYSGIFSVEGKSCINRCFYVELIRGRKEETEVLWTSNSIVVFCGTSGTYGTGSWPDGANLSLMHI,H3,N2,0.2362494802399806
A/Darwin/2/2021,H3N2,NA,2021-02-24,EPI1857935,MNPNQKIITIGSVSLTISTICFFMQIAILITTVTLHFKQYEFNSPPNNQVMLCEPTIIERNMTEIVYLTNTTIEKEICPKPAEYRNWSKPQCGITGFAPFSKDNSIRLSAGGDIWVTREPYVSCDLDKCYQFALGQGTTLNNVHSNNTVRDRTPYRTLLMNELGVPFHLGTKQVCIAWSSSSCHDGKAWLHVCITGDDKNATASFIYNGRLVDSVVSWSNDILRTQESECVCINGTCTVVMTDGNATGKADTKILFIEEGKIVHXSKLSGSAQHVEECSCYPRYPGVRCVCRDNWKGSNRPIIDINIKDHSIVSRYVCSGLVGDTPRKSDSSSSSHCLNPNNEKGDHGVKGWAFDDGNDVWMGRTINETSRLGYETFKVVEGWSNPKSKLQINRQVIVDRGDRSGYSGIFSVEGKSCINRCFYVELIRGRKEETEVLWTSNSIVVFCGTSGTYGTGSWPDGANLSLMHI,H3,N2,0.23637392482233194
A/Mayotte/513/2021,H3N2,NA,2021-09-15,EPI1970475,MNPNQKIITIGSVSLTISTICFFMQIAILITTVTLHFKQYEFNSPPNNQVMLCEPTIIERNITEIVYLTNTTIEKEICPKPAEYRNWSKPQCDITGFAPFSKDNSIRLSAGGDIWVTREPYVSCDLDKCYQFALGQGTTLNNVHSNNTVRDRTPYRTLLMNELGVPFHLGTKQVCIAWSSSSCHDGKAWLHVCITGDDKNATASFIYNGRLVDSVVSWSNDILRTQESECVCINGTCTVVMTDGNATGKADTKILFIEEGKIVHTSKLSGSAQHVEECSCYPRYPGVRCVCRDNWKGSNRPIIDINIKDHSIVSSYVCSGLVGDTPRKSDSSSSSHCLNPNNERGGHGVKGWAFDDGNDVWMGRTINETSRLGYETFKVIEGWSNPKSKLQINRQVIVDRGDRSGYSGIFSVEGKSCINRCFYVELIRGRKEETEVLWTSNSIVVFCGTSGTYGTGSWPDGADLNLMHT,H3,N2,0.23643470282123905
A/Uganda/07/2021,H3N2,NA,2021-05-01,EPI2103518,MNPNQKIITIGSVSLTISTICFFMQIAILITTVTLHFKQYEFNSPPNNQVMLCEPTIIERNITEIVYLTNTTIEKEICPKPAEYRNWSKPQCGITGFAPFSKDNSIRLSAGGDIWVTREPYVSCDLDKCYQFALGQGTTLNNVHSNNTVRDRTPYRTLLMNELGVPFHLGTKQVCIAWSSXSCHDGKAWLHVCITGDDKNATASFIYNGRLVDSVVSWSNDILRTQESECVCINGTCTVVMTDGNATGKADTKILFIEEGKIIHTSKLSGSAQHVEECSCYPRYPGVRCVCRDNWKGSNRPIIDINIKDHSIVSSYVCSGLVGDTPRKSDSSSSSHCLHPNNEKGGHGVKGWAFDDGNDVWMGRTINETSRLGYETFKVVEGWSNSKSKLQINRQVIVDRGDRSGYSGIFSVEGKSCINRCFYVELIRGRKEETEVLWTSNSIVVFCGTSGTYGTGSWPDGADLNLMHI,H3,N2,0.23637692016438938
A/Singapore/INFTT0002/2021,H3N2,NA,2021-07-14,EPI1956400,MNPNQKIITIGSVSLTISTICFFMQIAILITTVTLHFKQYEFNSPPNNQVMLCEPTIIERNITEIVYLTNTTIEKEICPKPAEYRNWSKPQCGITGFAPFSKDNSIRLSSGGDIWVTREPYVSCDLDKCYQFALGQGTTLNNVHSNNTVHDRTPYRTLLMNELGVPFHLGTKQVCIAWSSSSCHDGKAWLHVCITGDDKNATASFIYNGRLVDSVVSWSNDILRTQESECVCINGTCTVVMTDGNATGKADTKILFIEEGKIVHTSKLSGSAQHVEECSCYPRYPGVRCVCRDNWKGSNRPIIDINIKDHSIVSRYVCSGLVGDTPRKSDSSSSSHCLNPNNEKGDHGVKGWAFDDGDDVWMGRTINETSRLGYETFKVVEGWSNPKSKLQINRQVIVDRGDRSGYSGIFSVEGKSCINRCFYVELIRGRKEETEVLWTSNSIVVFCGTSGTYGTGSWPDGANLSLMHI,H3,N2,0.23639903203561646
A/Sichuan/03474/2021,H9N2,NA,2021-04-28,EPI1884593,MNPNQKITAIGSVSLIIAIICLLMQIAILTTTMTLHFGQKECSNSSNNQVMPCEPIIIEKNTVHLNSTTIEREICPKVAEYKNWSKPQCLITGFAPFSKDNSIRLSAGGDIWVTREPYVSCSPDKCYQFALGQGTTLRNEHSNGTTHDRTPHRTLLMNELGVPFHLGTKQVCIAWSSSSCYDGKAWLHICVTGDDTNATASVIYDGMLVDSIGSWSKNILRTQESECVCINGTCVVVMTDGSASGVADTRVLFIREGKIINIRPLSGSAQHVEECSCYPRYPEIRCVCRDNWKGSNRPIIYINMADYSIESSYVCSGLVGDTPRNDDSSSSSNCRDPNNERGAPGVKGWAFDDGNDVWMGRTIKNGSRSGYETFRVINGWTIANSKSQINRQVIIGSDNWSGYSGIFSVEGKECINRCFYVELIRGRPQEPRVWWTSNSIVVFCGTSGTYGTGSWPDGANINFMPI,H9,N2,0.2951959069222042
A/Kenya/149/2021,H3N2,NA,2021-09-10,EPI1940866,MNPNQKIITIGSVSLTISTICFFMQIAILITTVTLYFKQYEFNSPPNNQVMLCEPTIIERNITEIVYLTNTTIEKEICPKPAEYRNWSKPQCDITGFAPFSKDNSIRLSAGGDIWVTREPYVSCDLDKCYQFALGQGTTLNNVHSNNTVRDRTPYRTLLMNELGVPFHLGTKQVCIAWSSSSCHDGKAWLHVCITGDDKNATASFIYNGRLVDSVVSWSNDILRTQESECVCINGTCTVVMTDGNATGKADTKILFIEEGKIVHTSKLSGGAQHVEECSCYPRYPGVRCVCRDNWKGSNRPIIDINIKDHSIVSSYVCSGLVGDTPRKSDSSSSSHCLNPNNEKGGHGVKGWAFDDGNDVWMGRTINETSRLGYETFKVVEGWFNPKSKLQINRQVIVDRGDRSGYSGIFSVEGKSCINRCFYVELIRGRKEETEVLWTSNSIVVFCGTSGTYGTGSWPDGADLNLMHT,H3,N2,0.23690641208319327
A/Tripoli/5651/2021,H3N2,NA,2021-09-07,EPI1925517,MNPNQKIITIGSVSLTISTICFFMQIAILITTVTLHFKQYEFNSPPNNQVMLCEPKIIERNITEIVYLTNTTIEKEICPKPAEYRNWSKPQCGITGFAPFSKDNSIRLSAGGDIWVTREPYVSCDLDKCYQFALGQGTTLNNVHSNNTVRDRTPYRTLLMNELGVPFHLGTKQVCIAWSSSSCHDGKAWLHVCITGDDKNATASFIYNGRLVDSVVSWSNDILRTQESECVCINGTCTVVMTDGNATGKADTKILFIEEGKIVHTSKLSGSAQHVEECSCYPRYPGVRCVCRDNWKGSNRPIIDINIKDHSIVSRYVCSGLVGDTPRKSDSSSSSHCLNPNNEKGDHGVKGWAFDDGNDVWMGRTINETSRLGYETFKVVEGWSNPKSKLQINRQVIVDRGDRSGYSXIFSVEGKSCINRCFYVELIRGRKEETEVLWTSNSIVVFCGTSGTYGTGSWPDGANLSLMHI,H3,N2,0.23637744531211832
A/Ethiopia/1185/2021,H3N2,NA,2021-09-21,EPI1969667,MNPNQKIITIGSVSLTISTICFFMQIAILITTVTLHFKQYEFNSPPNNQVMLCEPTIIERNITEIVYLTNTTIEKEICPKPAEYRNWSKPQCGITGFAPFSKDNSIRLSAGGDIWVSREPYVSCDLXKCYQFALGQGTTLNNVHSNNTVRDRTPYRTLLMNELGVPFHLGTKQVCIAWSSSSCHDGKAWLHVCITGDDKNATASFIYNGRLVDSVVSWSNDILRTQESECVCINGTCTVVMTDGNATGKADTKILFIEEGKIIHTSKLSGSAQHVEECSCYPRYPGVRCVCRDNWKGSNRPIIDINIKDHSIVSSYVCSGLVGDTPRKSDSSSSSHCLNPNNEKGGHGVKGWAFDDGNDVWMGRTINETSRLGYETFKVVEGWSNPKSKLQINRQVIVDRGDRSGYSGIFSVEGKSCINRCFYVELIRGRKEETEVLWTSNSIVVFCGTSGTYGTGSWPDGADLNLMHI,H3,N2,0.23640800742052676
A/Netherlands/00007/2021,H3N2,NA,2021-08-02,EPI2037240,MNPNQKIITIGSVSLTISTICFFMQIAILITTVTLHFKQYEFNSPPNNQVMLCEPTIIERNITXIVYLTNTTIEKEICPKPAEYRNWSKPQCGITGFAPFSKDNSIRLSAGGDIWVTREPYVSCDLDKCYQFALGQGTTLNNVHSNNTVRDRTPYRTLLMNELGVPFHLGTKQVCIAWSSSSCHDGKAWLHVCITGDDKNATASFIYNGRLVDSVVSWSNDILRTQESECVCINGTCTVVMTDGNATGKADTKILFIEEGKIVHTSKLSGSAQHVEECSCYPRYPGVRCVCRDNWKGSNRPIIDINIKDHSIVSRYVCSGLVGDTPRKSDSSSSSHCLNPNNEKGGHGVKGWAFDDGNDVWMGRTINETSRLGYETFKVVEGWSNPKSKLQINRQVIVDRGDRSGYSGIFSVEGKSCINRCFYVELIRGRKEETEVLWTSNSIVVFCGTSGTYGTGSWPDGANLSLMHI,H3,N2,0.23641079199187187
A/Kenya/GIHSN-HCL022162298301/2021,H3N2,NA,2021-03-29,EPI2251328,MNPNQKIITIGSVSLTISTICFFMQIAILITTATLHFKQYEFNSPPNNQVMLCEPTIIERNITEIVYLTNTTIEKEICPKPAEYRNWSKPQCGITGFAPFSKDNSIRLSAGGDIWVTREPYVSCDLDKCYQFALGQGTTLNNVHSNNTVRDRTPYRTLLMNELGVPFHLGTKQVCIAWSSSSCHDGKAWLHVCITGDDKNATASFIYNGRLVDSVVSWSNDILRTQESECVCINGTCTVVMTDGNATGKADTKILFIEEGKIVHTSKLSGSAQHVEECSCYPRYPGVRCVCRDNWKGSNRPIIDINIKDHSIVSRYVCSGLVGDTPRKSDSSSSSHCLNPNNEKGDHGVKGWAFDDGNDVWMGRTINETSRLGYETFKVVEGWSNPKSKLQINRQVIVDRGDRSGYSGIFSVEGKSCINRCFYVELIRGRKEETEVLWTSNSIVVFCGTSGTYGTGSWPDGANLSLMHI,H3,N2,0.23637021048856224
A/Pennsylvania/01/2021,H3N2,NA,2021-03-19,EPI1858653,MNPNQKIITIGSVSLTISTICFFMQIAILITTVTLHFKQYEFNSPPNNQVMPCEPTIIERNITEIVYLTNTTIEKEICPKPVEYRNWSKPQCGITGFAPFSKDNSIRLSAGGDIWVTREPYVSCDLDKCYQFALGQGTTLNNVHSNNTVRDRTPYRTLLMNELGVPFHLGTKQVCIAWSSSSCHDGKAWLHVCITGDDKNATASFIYNGRLVDSVVSWSNDILRTQESECVCINGTCTVVMTDGNATGKADTKILFIEEGKIVHTSKLSGSAQHVEECSCYPRYPGVRCVCRDNWKGSNRPIIDINIKDHSIVSRYVCSGLVGDTPRKSDSSSSSHCLNPNNEKGDHGVKGWAFDDGNDVWMGRTINETSRLGYETFKVVEGWSNPKSKLQINRQVIVDRGDRSGYSGIFSVEGKSCINRCFYVELIRGRKEETEVLWTSNSIVVFCGTSGTYGTGSWPDGANLSLMHI,H3,N2,0.23628052342379804
A/Mayotte/508/21,H3N2,NA,2021-09-18,EPI1970479,MNPNQKIITIGSVSLTISTICFFMQIAILITTVTLHFKQYEFNSPPNNQVMLCEPTIIERNITEIVYLINTTIEKEICPKPAEYRNWSKPQCDITGFAPFSKDNSIRLSAGGDIWVTREPYVSCDLDKCYQFALGQGTTLNNVHSNNTVRDRTPYRTLLMNELGVPFHLGTKQVCIAWSSSSCHDGKAWLHVCITGDDKNATASFIYNGRLVDSVVSWSNDILRTQESECVCINGTCTVVMTDGNATGKADTKILFIEEGKIVHTSKLSGSAQHVEECSCYPRYPDVRCVCRDNWKGSNRPIIDINIKDHSIVSSYVCSGLVGDTPRKSDSSSSSHCLNPNNEKGGHGVKGWAFDDGNDVWMGRTINETSRLGYETFKVIEGWSNPKSKLQINRQVIVDRGDRSGYSGIFSVEGKSCINRCFYVELIRGRKEETEVLWTSNSIVVFCGTSGTYGTGSWPDGADLNLMHT,H3,N2,0.23644010894190837
A/Togo/0237/2021,H3N2,NA,2021-03-03,EPI1877181,MNPNQKIITIGSVSLTISTICFFMQIAILITTVTLHFKQYEFNSPPNNQVMLCEPTIIERNITEIVYLTNTTIEKEICPKPAEYRNWSKPQCGITGFAPFSKDNSIRLSAGGDIWVTREPYVSCDLDKCYQFALGQGTTLNNVHSNNTVRDRTPYRTLLMNELGVPFHLGTKQVCIAWSSSSCHDGKAWLHVCITGDDKNATASFIYNGRLVDSVVSWSNDILRTQESECVCINGTCTVVMTDGNATGKADTKILFIEEGKIIHTSKLSGSAQHVEECSCYPRYPGVRCVCRDNWKGSNRPIIDINIKDHSIVSSYVCSGLVGDTPRKSDSSSSSHCLNPNNEKGGHGVKGWAFDDGNDVWMGRTINETSRLGYETFKVVEGWSNPKSKLQINRQVIVDRGDRSGYSGIFSVEGKSCINRCFYVELIRGRKEETEVLWTSNSIVVFCGTSGTYGTGSWPDGADLNLMHI,H3,N2,0.23641195069608908
A/Oklahoma/01/2021,H3N2,NA,2021-07-06,EPI1916917,MNPNQKIITIGSVSLTISTICFFMQIAILITTVTLHFKQYEFNSPPNNQVMLCEPTIIERNITEIVYLTNTTIEKEICPKPAEYRNWSKPQCGITGFAPFSKDNSIRLSAGGDIWVTREPYVSCDLDKCYQFALGQGTTLNNVHSNNTVRDRTPYRTLLMNELGVPFHLGTKQVCIAWSSSSCHDGKAWLHVCITGDDKNATASFIYNGRLVDSVVSWSNDILRTQESECVCINGTCTVVMTDGNATGKADTKILFIEEGKIIHTSKLSGSAQHVEECSCYPRYPGVRCVCRDNWKGSNRPIIDINIKDHSIVSSYVCSGLVGDTPRKSDSSSSSHCLNPNKEKGGHGVKGWAFDDGNDVWMGRTINETSRLGYETFKVVEGWSNPKSKLQINRQVIVDRGDRSGYSGIFSVEGKSCINRCFYVELIRGRKEETEVLWTSNSIVVFCGTSGTYGTGSWPDGADLNLMHI,H3,N2,0.23640561606232144
A/Stockholm/4/2021,H3N2,NA,2021-03-11,EPI1858925,MNPNQKIITIGSVSLTISTICFFMQIAILITTVTLHFKQYEFNSPPNNQVMLCEPTIIERNITEIVYLTNTTIEKEICPKPAEYRNWSKPQCGITGFAPFSKDNSIRLSAGGDIWVTREPYVSCDLDKCYQFALGQGTTLNNVHSNNTVRDRTPYRTLLMNELGVPFHLGTKQVCIAWSSSSCHDGKAWLHVCITGDDKNATASFIYNGRLVDSVVSWSNDILRTQESECVCINGTCTVVMTDGNATGKADTKILFIEEGKIVHTSKLSGSAQHVEECSCYPRYPGVRCVCRDNWKGSNRPIIDINIKDHSIVSRYVCSGLVGDTPRKSDSSSSSHCLNPNNEKGDHGVKGWAFDDGNDVWIGRTINETSRLGYETFKVVEGWSNPKSKLQINRQVIVDRGDRSGYSGIFSVEGKSCINRCFYVELIRGRKEETEVLWTSNSIVVFCGTSGTYGTGSWPDGANLSLMHI,H3,N2,0.23637018858457326
A/Ghana/1352/2021,H3N2,NA,2021-07-08,EPI1889234,MNPNQKIITIGSVSLTISTICFFMQIAILITTVTLHFKQYEFNSPPNNQVMLCEPTIVERNITEIVYLTNTTIEKEICPKPAEYRNWSKPQCGITGFAPFSKDNSIRLSAGGDIWVTREPYVSCDLDKCYQFALGQGTTLNNVHSNNTVSDRTPYRTLLMNELGVPFHLGTKQVCIAWSSSSCHDGKAWLHVCITGDDKNATASFIYNGRLVDSVVSWSNDILRTQESECVCINGTCTVVMTDGNATGKADTKILFIEEGKIIHTSKLSGSAQHVEECSCYPRYPGVRCVCRDNWKGSNRPIIDINIKDHSIVSSYVCSGLVGDTPRKSDSSSSSHCLNPNNEKGGHGVKGWAFDDGNDVWMGRTINETSRLGYETFKVVEGWSNPKSKLQINRQVIVDRGDRSGYSGIFSVEGKSCINRCFYVELIRGRKEETEVLWTSNSIVVFCGTSGTYGTGSWPDGADLNLMHI,H3,N2,0.23595339104539864
A/Mayotte/555/2021,H3N2,NA,2021-10-01,EPI1970485,MNPNQKIITIGSVSLTISTICFFMQIAILITTVTLHFKQYEFNSPPNNQVMLCEPTIIERNITEIVYLINTTIEKEICPKPAEYRNWSKPQCDITGFAPFSKDNSIRLSAGGDIWVTREPYVSCDLDKCYQFALGQGTTLNNVHSNNTVRDRTPYRTLLMNELGVPFHLGTKQVCIAWSSSSCHDGKAWLHVCITGDDKNATASFIYNGRLVDSVVSWSNDILRTQESECVCINGTCTVVMTDGNATGKADTKILFIEEGKIVHTSKLSGSAQHVEECSCYPRYPGVRCVCRDNWKGSNRPIIDINIKDHSIVSSYVCSGLVGDTPRKSDSSSSSHCLNPNNEKGGHGVKGWAFDDGNDVWMGRTINETSRLGYETFKVIEGWSNPKSKLQINRQVIVDRGDRSGYSGIFSVEGKSCINRCFYVELIRGRKEETEVLWTSNSIVVFCGTSGTYGTGSWPDGADLNLMHT,H3,N2,0.2364293044820954
A/Darwin/32/2021,H3N2,NA,2021-09-13,EPI1918879,MNPNQKIITIGSVSLTISTICFFMQIAILITTVTLHFKQYEFNSPPNNQVMLCEPTVIERNITEIVYLTNTTIEKEICPKPAEYRNWSKPQCGITGFAPFSKDNSIRLSAGGDIWVTREPYVSCDLDKCYQFALGQGTTLNNVHSNNTVRDRTPYRTLLMNELGVPFHLGTKQVCIAWSSSSCHDGKAWLHVCITGDDKNATASFIYNGRLVDSVVSWSNDILRTQESECVCINGTCTVVMTDGNATGKADTKILFIEEGKIVHTSKLSGSAQHVEECSCYPRYPGVRCVCRDNWKGSNRPIIDINIKDHSIVSRYVCSGLVGDTPRKNDSSSSSHCLNPNNEKGDHGVKGWAFDDGNDVWMGRTINETSRLGYETFKVVEGWSNPKSKLQINRQVIVDRGDRSGYSGIFSVEGKSCINRCFYVELIRGRKEETEVLWTSNSIVVFCGTSGTYGTGSWPDGANLSLMHI,H3,N2,0.23625629891980324
A/Nepal/21FL1719/2021,H3N2,NA,2021-07-07,EPI1922673,MNPNQKIITIGSVSLTISTICFFMQIAILITTVTLHFKQYEFNSPPNNQVMLCEPTIIERNITEIVYLTNTTIEKEICPKPAEYRNWSKPQCGITGFAPFSKDNSIRLSAGGDIWVTREPYVSCDLDKCYQFALGQGTTLNNVHSNNTVRDRTPYRTLLMNELGVPFHLGTKQVCIAWSSSSCHDGKAWLHVCITGDDKNATASFIYNGRLVDSVVSWSNDILRTQESECVCINGTCTVVMTDGNATGKADTKILFIEEGKIVHTSKLSGSAQHVEECSCYPRYPGVRCVCRDNWKGSNRPIIDINIKDHSIVSRYVCSGLVGDTPRKSDSSSSSHCLNPNNEKGDHGVKGWAFDDGNDVWMGRTINETSRLGYETFKVVEGWSNPKSKLQINRQVIVDRGDRSGYSGIFSVEGKSCINRCFYVELIRGRKEETEVLWTSNSIVVFCGTSGTYGTGSWPDGANLSLMHT,H3,N2,0.23637018858457326
A/Togo/0880/2021,H3N2,NA,2021-09-08,EPI1969951,MNPNQKIITIGSVSLTISTICFFMQIAILITTVTLHFKQYEFNSPPNNQVMLCEPTIVERNITEIVYLTNTTIEKEICPKPAEYRNWSKPQCGITGFAPFSKDNSIRLSAGGDIWVTREPYVSCDLDKCYQFALGQGTTLNNVHSNNTVSDRTPYRTLLMNELGVPFHLGTKQVCIAWSSSSCHDGKAWLHVCITGDDKNATASFIYNGRLVDSVVSWSNDILRTQESECVCINGTCTVVMTDGNATGKADTKILFIEEGKIIHTSKLSGSAQHVEECSCYPRYPGVRCVCRDNWKGSNRPIIDINIKDHSIVSSYVCSGLVGDTPRKNDSSSSSHCLNPNNEKGGHGVKGWAFDDGNDVWMGRTINETSRLGYETFKVVEGWSNPKSKLQINRQVIVDRGDRSGYSGIFSVEGKSCINRCFYVELIRGRKEETEVLWTSNSIVVFCGTSGTYGTGSWPDGADLNLMHI,H3,N2,0.2358821066445591
A/Philippines/1/2021,H3N2,NA,2021-05-14,EPI1889171,MNPNQKIITIGSVSLTISTICFFMQIAILIATVTLHFKQYEFNSPPNNQVMLCEPTIIERNITEIVYLTNTTIEKEICPKPAEYRNWSKPQCGITGFAPFSKDNSIRLSAGGDIWVTREPYVSCDLDKCYQFALGQGTTLHNVHSNNTVRDRTPYRTLLMNELGVPFHLGTKQVCIAWSSSSCHDGKAWLHVCITGDDKNATASFIYNGRLVDSVVSWSNDILRTQESECVCINGTCTVVMTDGNATGKADTKILFIEEGKIIHTSKLSGSAQHVEESSCYPRYPGVRCVCRDNWKGSNRPIIDINIKDHSIVSSYVCSGLVGDTPRKSDSSSSSHCLNPNNEKGGHGVKGWAFDDGDDVWMGRTINETSRLGYETFKVVEGWSNPKSKLQINRQVIVDGGDRSGYSGIFSVEGKSCINRCFYVELIRGRKEETEVLWTSNSIVVFCGTSGTYGTGSWPDGADLNLMHI,H3,N2,0.23626631284917265
A/Netherlands/10005/2021,H3N2,NA,2021-09-07,EPI1916456,MNPNQKIITIGSVSLTISTICFFMQIAILITTVTLHFKQYEFNSPPNNQVMLCEPTIIERNITEIVYLTNTTIEKEICPKPAEYRNWSKPQCGITGFAPFSKDNSIRLSAGGDIWVTREPYVSCDLDKCYQFALGQGTTLNNVHSNNTVRDRTPYRTLLMNELGVPFHLGTKQVCIAWSSSSCHDGKAWLHVCITGDDKNATASFIYNGRLVDSVVSWSNDILRTQESECVCINGTCTVVMTDGNATGKADTKILFIEEGKIVHTSKLSGSAQHVEECSCYPRYPGVRCVCRDNWKGSNRPIIDINIKDHSIVSRYVCSGLVGDTPRKNDNSSSSHCLNPNNEKGDHGVKGWAFDDGNDVWMGRTINETSRLGYETFKVVEGWSNPKSKLQINRQVIVDRGDRSGYSGIFSVEGKSCINRCFYVELIRGRKEETEVLWTSNSIVVFCGTSGTYGTGSWPDGANLSLMHI,H3,N2,0.2362604750889976
A/Cambodia/e1009251/2020,H3N2,NA,2020-10-08,EPI1843594,MNPNQKIITIGSVSLTISTICFFMQIAILITTVTLHFKQYELNSAPNNQVMLCEPTIIERNMTEIVYLTNTTIEKEICPKPAEYRNWSKPQCGITGFAPFSKDNSIRLSAGGDIWVTREPYVSCDLDKCYQFALGQGTTLNNVHSNNTVRDRTPYRTLLMNELGVPFHLGTKQVCIAWSSSSCHDGKAWLHVCITGDDKNATASFIYNGRLVDSVVSWSNDILRTQESECVCINGTCTVVMTDGNATGKADTKILFIEEGKIVHTSKLSGSAQHVEECSCYPRYPGVRCVCRDNWKGSNRPIIDINIKDHSIVSRYVCSGLVGDTPRKSDSSSSSHCLNPNNEKGDHGVKGWAFDDGNDVWMGRTINETSRLGYETFKVVEGWSNPKSKLQINRQVIVDRGDRSGYSGIFSVEGKSCINRCFYVELIRGRKEETEVLWTSNSIVVFCGTSGTYGTGSWPDGANLSLMHI,H3,N2,0.23639097629148242
A/Timor-Leste/20/2021,H3N2,NA,2021-02-25,EPI1883300,MNPNQKIITIGSVSLTISTICFFMQIAILITTVTLHFKQYEFNSPPNNQVMLCEPTIIERNMTEIVYLTNTTIEKEICPKPAEYRNWSKPQCGITGFAPFSKDNSIRLSASGDIWVTREPYVSCDLDKCYQFALGQGTTLNNVHSNNTVRDRTPYRTLLMNELGVPFHLGTKQVCIAWSSSSCHDGKAWLHVCITGDDKNATASFIYNGRLVDSVVSWSNDILRTQESECVCINGTCTVVMTDGNATGKADTKILFIEEGKIVHTSKLSGSAQHVEECSCYPRYPGVRCVCRDNWKGSNRPIIDINIKDHSIVSRYVCSGLVGDTPRKSDSSSSSHCLNPNNEKGDHGVKGWAFDDGNDVWMGRTINETSRLGYETFKVVEGWSNPKSKLQINRQVIVDRGDRSGYSGIFSVEGKSCINRCFYVELIRGRKEETEVLWTSNSIVVFCGTSGTYGTGSWPDGANLSLMHI,H3,N2,0.2363415583141312
A/Bretagne/24241/2021,H1N2,NA,2021-08-18,EPI1913515,MNPNQKIMTIGLVSLTTATMCFFMQVAILVTTVTLHFKQYECNSSAINQVALCAPIVIEKNRTEIVYLTNTTIEKEICPKLMEYRDWTKPQCKITGFAPFSKDNSIRLSAGGAIWITREPYVSCDPSKCYQFALGQGTTLDNRHSNNTIHDRTPYRTLLMNELGVPFHLGTKQVCIAWSSSSCHDGKAWLHVCITGYDNNATASFIYDGRLVDSIGSWSHEILRTQESECVCINGTCTVVMTDGSASGKADTRVIFVKEGKIIHISPLSGSAQHVEECSCYPRYSNVRCICRDNWKGSNRPIVDINVKSYGINSGYVCSGLVGDTPRNNDSYSNSNCQAPNNEKGGHGVKGWAFDDGNDIWMGRTINNELRLGYETFKVIDGWTRSNSKTQTNRQVIVDSTDRSGYSGVFSVEGKSCINRCFYVELIRGRRQETRVWWTSNSIVVFCGTSGTYGSGSWPDGADINLMPI,H1,N2,0.23402823677038762
A/Togo/0855/2021,H3N2,NA,2021-09-08,EPI1969937,MNPNQKIITIGSVSLTISTICFFMQIAILITTVTLHFKQYEFNSPPNNQVILCEPTIIERNITEIVYLINTTIEKEICPKPVEYRNWSKPQCGITGFAPFSKDNSIRLSAGGDIWVTREPYVSCDLDKCYQFALGQGTTLNNVHSNNTVRDRTPYRTLLMNELGVPFHLGTKQVCIAWSSSSCHDGKAWLHVCITGDDKNATASFIYNGRLVDSVVSWSNDILRTQESECVCINGTCTVVMTDGNATGRADTKILFIEEGKIIHTSKLSGSAQHVEECSCYPRYPGVRCVCRDNWKGSNRPIIDINIKDRSIVSSYVCSGLVGDTPRKSDSSSSSHCLNPNNEKGGHGVKGWAFDDGNDVWMGRTINETSRLGYETFKVVEGWSNPKSKLQINRQVIVDRGDRSGYSGIFSVEGKSCINRCFYVELIRGRKEETEVLWTSNSIVVFCGTSGTYGTGSWPDGADLNLMHI,H3,N2,0.23564828701478613
A/Nepal/21FL2141/2021,H3N2,NA,2021-07-26,EPI1922675,MNPNQKIITIGSVSLTISTICFFMQIAILITTVTLHFKQYEFNSPPNNQVMLCEPTIIERNITEIVYLTNTTIEKEICPKPAEYRNWSKPQCGITGFAPFSKDNSIRLSAGGDIWVTREPYVSCDLDKCYQFALGQGTTLNNVHSNNTVRDRTPYRTLLMNELGVPFHLGTKQVCIAWSSSSCHDGKAWLHVCITGDDKNATASFIYNGRLVDSVVSWSNDILRTQESECVCINGTCTVVMTDGNATGKADTKILFIEEGKIVHTSKLSGSAQHVEECSCYPRXPGVRCVCRDNWKGSNRPIIDINIKDHSIVSRYVCSGLVGDTPRKNDSSSSSHCLNPNNEKGDHGVKGWAFDDGNDVWMGRTINETSRLGYETFKVVEGWSNPKSKLQINRQVIVDRGDRSGYSGIFSVEGKSCINRCFYVELIRGRKEETEVLWTSNSIVVFCGTSGTYGTGSWPDGANLSLMHT,H3,N2,0.2362639266448638
A/Dakar/02/2020,H3N2,NA,2020-10-21,EPI1857118,MNPNQKIITIGSVSLTISTICFFMQIAILITTVTLHFKQYEFNSPPNNQVMLCEPTIIERNITEIVYLTNTTIEKEICPKPAEYRNWSKPQCGITGFAPFSKDNSIRLSAGGDIWVTREPYVSCDLDKCYQFALGQGTTLNNVHSNNTVRDRTPYRTLLMNELGVPFHLGTKQVCIAWSSSSCHDGKAWLHVCITGDDKNATASFIYNGRLVDSVVSWSNDILRTQESECVCINGTCTVVMTDGNATGKADTKILFIEEGKIIHTSKLSGSAQHVEECSCYPRYPGVRCVCRDNWKGSNRPIIDINIKDHSIVSSYVCSGLVGDTPRKSDSSSSSHCLNPNNEKGGHGVKGWAFDDGNDVWMGRTINETSRLGYETFKVVEGWFNPKSKLQINRQVIVDRGDRSGYSGIFSVEGKSCINRCFYVELIRGRKEETEVLWTSNSIVVFCGTSGTYGTGSWPDGADLNLMHI,H3,N2,0.2368614459718972
A/Darwin/33/2021,H3N2,NA,2021-09-15,EPI1923161,MNPNQKIITIGSVSLTISTICFFMQIAILITTVTLHFKQYEFNSPPNNQVMLCEPTIIERNITEIVYLTNTTIEKEICPKPAEYRNWSKPQCGITGFAPFSKDNSIRLSAGGDIWVTREPYVSCDLDKCYQFALGQGTTLNNVHSNNTVRDRTPYRTLLMNELGVPFHLGTKQVCIAWSSSSCHDGKAWLHVCITGDDKNATASFIYNGRLVDSVVSWSNDILRTQESECVCINGTCTVVMTDGNATGKADTKILFIEEGKIVHTSKLSGSAQHVEECSCYPRYPGVRCVCRDNWKGSNRPIIDINIKDHSIVSRYVCSGLVGDTPRKSDSSSSSHCLNPNNEKGDHGVKGWAFDDGNDVWMGRTINETSRLGYETFKVVEGWSNPKSKLQINRQVIVDRGDRSGYSGIFSVEGKSCINRCFYVELIRGRKEETVVLWTSNSIVVFCGTSGTYGTGSWPDGANLSLMHT,H3,N2,0.23634990311526274
A/Ethiopia/4004/2021,H3N2,NA,2021-08-26,EPI1969491,MNPNQKIITIGSVSLTISTICFFMQIAILITTVTLHFKQYEFNSPPNNQVVLCEPTIIERNITEIVYLTNTTIEKEICPKPAEYRNWSKPQCGITGFAPFSKDNSIRLSAGGDIWVTREPYVSCDLDKCYQFALGQGTTLNNVHSNNTVRDRTPYRTLLMNELGVPFHLGTKQVCIAWSSSSCHDGKAWLHVCITGDDKNATASFIYNGRLVDSVVSWSNDILRTQESECVCINGTCTVVMTDGNATGKADTKILFIEEGKIIHTSKLSGSAQHVEECSCYPRYPGVRCVCRDNWKGSNRPIIDINIKDHSIVSSYVCSGLVGDTPRKSDSSSSSHCLNPNNEKGGHGVKGWAFDDGNDVWMGRTINETSRLGYETFKVVEGWSNPKSKLQINRQVIVDRGDRSGYSGIFSVEGKSCINRCFYVELIRGRKEETEVLWTSNSIVVFCGTSGTYGTGSWPDGADLNLMHI,H3,N2,0.23640463621061877
A/South_Africa/13923/2021,H3N2,NA,2021-09-15,EPI1984104,MNPNQKIITIGSVSLTISTICFFMQIAILITTVTLHFKQYEFNSPPNNQVILCEPTIIERNITEIVYLTNTTIEKEICPKPAEYRNWSKPQCGITGFAPFSKDNSIRLSAGGDIWVTREPYVSCDLDKCYQFALGQGTTLNNVHSNNTVRDRTPYRTLLMNELGVPFHLGTKQVCIAWSSSSCHDGKAWLHVCITGDDKNATASFIYNGRLVDSVVSWSNDILRTQESECVCINGTCTVVMTDGNATGKADTKILFIEEGKIVHTSKLSGSAQHVEECSCYPRYPGVRCVCRDNWKGSNRPIIDINIKDHSIVSRYVCSGLVGDTPRKSDSSSSSHCLNPNNEKGDHGVKGWAFDDGNDVWMGRTINETSRLGYETFKVVEGWSNPKSKLQINRQVIVDRGDRSGYSGIFSVEGKSCINRCFYVELIRGRKEETEVLWTSNSIVVFCGTSGTYGTGSWPDGANLSLMHI,H3,N2,0.23637832280642776
A/Cambodia/21020301/2021,H9N2,NA,2021-02-26,EPI1858550,MNPNQKIMAIGLVSLTIATMCLLMQIAILVTTMTLHFKHDECTNSPDNQTMVCGSIIIERNITDIVHLNSTTLEKEICPKIAVFRDWSKPQCQITGFAPFSKDNSIRLSAGGDIWVTREPYVSCGLGKCYQFALGQGTTLNNGHSNGTSHDRTPHRTLLMNELGVPFHLATKQVCIAWSSSSCHDGKSWLHVCVTGDDRNATASIIYDGLLADSIGSWANNILRTQESECVCINGTCTVVMTDGSASGKADTRVLFIREGKIVHISPLSGSAQHVEECSCYPQYPEVRCVCRDNWRGSNRPVLHINVADYSVDSGYVCSGLVGDTPRNDDTSSSSNCKDPNNERGAPGVKGWAFDSGNDIWMGRTIEKDSRSGYETFKVIGGWNIANSKTQLSRQIIVDSENPSGYSGIFSVEGKNCINRCFYVELIRGRPKETRVWWTSNSIIVFCGTSGTYGTGSWPDGANINFMPV,H9,N2,0.19387698857574448
A/Wisconsin/01/2021,H3N2,NA,2021-01-14,EPI1843129,MNPNQKIITIGSVSLIIATICFLMQVAILVTTVTLHFKQHDCNSPPNNQVMLCEPTIIEKNKTEIVYLTNTTVEKEICPKPAEYRNWSKPQCNIAGFAPFSKDNSIRLSAGGDIWVTREPYVSCDLDKCYQFALGQGTTINNGHSNDTVHDRTPYRTLLMNELGVPFHLGTRQVCIAWSSSSCHDGKAWLHVCITGDDKNATASFIYNGRLVDSIGSWSKNILRTQESECVCINGTCIVVMTDGSASGKADTRILFIVEGKIIHVSKLSGSAQHVEECSCYPRYPSVRCICRDNWKGSNRPIVDINVKDYSIVSSYVCSGLVGDTPRENDRLSSSHCLDPNNEKGGHGVKGWAFDDGDDVWMGRTINETLRLGYETFKVIKGWSQPNSKLQTNRQVIVEKGNRSGYSGIFSVEGKDCINRCFYVELIRGRKEETRVWWTSNSIVVFCGTSGTYGTGSWPDGADINLMPV,H3,N2,0.23280196363266997
A/Zambia/0110/2021,H3N2,NA,2021-06-18,EPI2004775,MNPNQKIITIGSVSLTISTICFFMQIAILITTVTLHFKQYEFNSPPNNQVMLCEPTIIERNITEIVYLTNTTIEKEICPKPAEYRNWSKPQCGITGFAPFSKDNSIRLSAGGDIWVTREPYVSCDLDKCYQFALGQGTTLNNVHSNNTVRDRTPYRTLLMNELGVPFHLGTKQVCIAWSSSSCYDGKAWLHVCITGDDKNATASFIYNGRLVDSVVSWSNDILRTQESECVCINGTCTVVMTDGNATGKADTKILFIEEGKIIHTSKLSGSAQHVEECSCYPRYPGVRCVCRDNWKGSNRPIIDINIKDHSIVSSYVCSGLVGDTPRKSDSSSSSHCLHPNNEKGGHGVKGWAFDDGNDVWMGRTINETSRLGYETFKVVEGWSNPKSKLQVNRQVIVDRGDRSGYSGIFSVEGKSCINRCFYVELIRGRKEETEVLWTSNSIVVFCGTSGTYGTGSWPDGADLNLMHI,H3,N2,0.2361179567144383
A/India/PUN-NIV312063/2021,H3N2,NA,2021-05-09,EPI1916909,MNPNQKIITIGSVSLTISTICFFMQIAILITTVTLHFKQYEFNSPPNNQVMPCEPTIIERNITEIVYLTNTTIEKEICPKPVEYRNWSKPQCGITGFAPFSKDNSIRLSAGGDIWVTREPYVSCDLDKCYQFALGQGTTLNNVHSNNTVRDRTPYRTLLMNELGVPFHLGTKQVCIAWSSSSCHDGKAWLHVCITGDDKNATASFIYNGRLVDSVVSWSNDILRTQESECVCINGTCTVVMTDGNATGKADTKILFIEEGKIVHTSKLSGSAQHVEECSCYPRYPGVRCVCRDNWKGSNRPIIDINIKDHSIVSRYVCSGLVGDTPRKSDSSSSSHCLNPNNEKGDHGVKGWAFDDGDDVWMGRTINETSRLGYETFKVVEGWSNPKSKLQINRQVIVDRGDRSGYSGIFSVEGKSCINRCFYVELIRGRKEETEVLWTSNSIVVFCGTSGTYGTGSWPDGANLSLMHI,H3,N2,0.23634530514274504
A/Congo/559/2020,H3N2,NA,2020-12-15,EPI1851962,MNPNQKIITIGSVSLTISTICFFMQIAILITTVTLHFKQYEFNSPPNNQVMLCEPTIIERNITEIVYLTNTTIEKEICPKPAEYRNWSKPQCGITGFAPFSKDNSIRLSAGGDIWVTREPYVSCDLDKCYQFALGQGTTLNNVHSNNTVRDRTPYRTLLMNELGVPFHLGTKQVCIAWSSSSCHDGKAWLHVCITGDDKNATASFIYNGRLVDSVVSWSNDILRTQESECVCINGTCTVVMTDGNATGKADTKILFIEEGKIIHTSKLSGSAQHVEECSCYPRYPGVRCVCRDNWKGSNRPIIDINIKDHSIVSSYVCSGLVGDTPRKSDSSSSSHCLHPNNEKGGHGVKGWAFDDGNDVWMGRTINETSRLGYETFKVVEGWSNPKSKLQINRQVIVDRGDRSGYSGIFSVEGKSCINRCFYVELIRGRKEETEVLWTSNSIVVFCGTSGTYGTGSWPDGADLNLMH,H3,N2,0.23641993433062153
A/Congo/543/2020,H3N2,NA,2020-11-12,EPI1851991,MNPNQKIITIGSVSLTISTICFFMQIAILITTVTLHFKQYEFNSPPNNQVMLCEPTIIERNITEIVYLTNTTIEKEICPKPAEYRNWSKPQCGITGFAPFSKDNSIRLSAGGDIWVTREPYVSCDLDKCYQFALGQGTTLNNVHSNNTVRDRTPYRTLLMNELGVPFHLGTKQVCIAWSSSSCHDGKAWLHVCITGDDKNATASFIYNGRLVDSVVSWSNDILRTQESECVCINGTCTVVMTDGNATGKADTKILFIEEGKIIHTSKLSGSAQHVEECSCYPRYPGVRCVCRDNWKGSNRPIIDINIKDHSIVSSYVCSGLVGDTPRKSDSSSSSHCLHPNNEKGGHGVKGWAFDDGNDVWMGRTINETSRLGYETFKVVEGWSNPKSKLQINRQVIVDRGDRSGYSGIFSVEGKSCINRCFYVELIRGRKEETEVLWTSNSIVVFCGTSGTYGTGSWPDGADLNLMHI,H3,N2,0.23641993433062153
A/Philippines/8/2021,H3N2,NA,2021-07-13,EPI1889177,MNPNQKIITIGSVSLTISTICFFMQIAILITTVTLHFKQYEFNSPPNNQVMLCEPTIIERNITEIVYLTNTTIEKEICPKPAEYRNWSKPQCGITGFAPFSKDNSIRLSAGGDIWVTREPYVSCDLDKCYQFALGQGTTLHNVHSNNTVRDRTPYRTLLMNELGVPFHLGTKQVCIAWSSSSCHDGKAWLHVCITGDDKNATASFIYNGRLVDSVVSWSNDILRTQESECVCINGTCTVVMTDGNATGKADTKILFIEEGKIIHTSKLSGSAQHVEECSCYPRYPGVRCVCRDNWKGSNRPIIDINIKDHSIVSSYVCSGLVGDTPRKSDSSSSSHCLNPNNEKGGHGVKGWAFDDGNDVWMGRTINETSRLGYETFKVVEGWSNPKSKLQINRQVIVDRGDRSGYSGIFSVEGKSCINRCFYVELIRGRKEETEVLWTSNSIVVFCGTSGTYGTGSWPDGADLNLMHI,H3,N2,0.23640593406714364
A/Kenya/GIHSN-HCL022160141501/2021,H3N2,NA,2021-09-03,EPI2251004,MNPNQKIITIGSVSLTISTICFFMQIAILITTVTLHFKQYEFNSPPNNQVMLCEPTIIERNITEIVYLTNTTIEKEICPKPAEYRNWSKPQCDITGFAPFSKDNSIRLSAGGDIWVTREPYVSCDLDKCYQFALGQGTTLNNVHSNNTVRDRTPYRTLLMNELGVPFHLGTKQVCIAWSSSSCHDGKAWLHVCITGDDKNATASFIYNGRLVDSVVSWSNDILRTQESECVCINGTCTVVMTDGNATGKADTKILFIEEGKIVHTSKLSGSAQHVEECSCYPRYPGVRCVCRDNWKGSNRPIIDINIKDHSIVSSYVCSGLVGDTPRKSDSSSSSHCLNPNNEKGSHGVKGWAFDDGNDVWMGRTINETSRLGYETFKVVEGWSNPKSKLQINRQVIVDRGDRSGYSGIFSVEGKSCINRCFYVELIRGRKEETEVLWTSNSIVVFCGTSGTYGTGSWPDGADLNLMHT,H3,N2,0.23645407654036477
A/Michigan/04/2021,H3N2,NA,2021-09-19,EPI1925297,MNPNQKIITIGSVSLTISTICFFMQIAILITTVTLHFKQYEFNSPPNNQVMLCEPTIIERNITEIVYLTNTTIEKEICPKPAGYRNWSKPQCGITGFAPFSKDNSIRLSAGGDIWVTREPYVSCDLDKCYQFALGQGTTLNNVHSNNTVRDRTPYRTLLMNELGVPFHLGTKQVCIAWSSSSCHDGKAWLHVCITGDDKNATASFIYNGRLVDSVVSWSNDILRTQESECVCINGTCTVVMTDGNATGKADTKILFIEEGKIIHTSKLSGSAQHVEECSCYPRYPGVRCVCRDNWKGSNRPIIDINIKDHSIVSSYVCSGLVGDTPRKSDSSSSSHCLNPNNEKGGHGVKGWAFDDGNDVWMGRTINETSRLGYETFKVVEGWSNPKSKLQINRQVIVDRGDRSGYSGIFSVEGKSCINRCFYVELIRGRKEETEVLWTSNSIVVFCGTSGTYGTGSWPDGADLNLMHI,H3,N2,0.23641195069608908
A/Netherlands/10014/2021,H3N2,NA,2021-09-27,EPI1921332,MNPNQKIITIGSVSLTISTICFFMQIAILITTVTLHFKQYEFNSPPNNQVMLCEPTIIERNITEIVYLTNTTIEKEICPKPAEYRNWSKPQCGITGFAPFSKDNSIRLSAGGDIWVTREPYVSCDLDKCYQFALGQGTTLNNVHSNNTVRDRTPYRTLLMNELGVPFHLGTKQVCIAWSSSSCHDGKAWLHVCITGDDKNATASFIYNGRLVDSVVSWSNDILRTQESECVCINGTCTVVMTDGNATGKADTKILFIKEGKIVHTSKLSGSAQHVEECSCYPRYPGVRCVCRDNWKGSNRPIIDINIKDHSIVSRYVCSGLVGDTPRKNDSSSSSHCLNPNNEKGDHGVKGWAFDDGNDVWMGRTINETSRLGYETFKVVEGWSNPKSKLQINRQVIVDRGDRSGYSGIFSVEGKSCINRCFYVELIRGRKEETEVLWTSNSIVVFCGTSGTYGTGSWPDGANLSLMHI,H3,N2,0.23620077288491878
A/Togo/0998/2021,H3N2,NA,2021-09-25,EPI1969916,MNPNQKIITIGSVSLTISTICFFMQIAILTTTVTLHFKQYEFNSPPNNQVMLCEPTIVERNITEIVYLTNTTIEKEICPKPAEYRNWSKPQCGITGFAPFSKDNSIRLSAGGDIWVTREPYVSCDLDKCYQFALGQGTTLNNVHSNNTVSDRTPYRTLLMNELGVPFHLGTKQVCIAWSSSSCHDGKAWLHVCITGDDKNATASFIYNGRLVDSVVSWSNDILRTQESECVCINGTCTVVMTDGNATGKADTKILFIEEGKIIHTSKLSGSAQHVEECSCYPRYPGVRCVCRDNWKGSNRPIIDINIKDHSIVSSYVCSGLVGDTPRKNDSSSSSHCLNPNNEKGGHGVKGWAFDDGNDVWMGRTINETSRLGYETFKVVEGWSNPKSKLQINRQVIVDRGDRSGYSGIFSVEGKSCINRCFYVELIRGRKEETEVLWTSNSIVVFCGTSGTYGTGSWPDGADLNLMHI,H3,N2,0.23588091242755813
A/India/PUN-NIV290244/2021,H3N2,NA,2021-01-12,EPI1916853,MNPNQKIITIGSVSLTISTICFFMQIAILITTVTLHFKQYEFNSPPNNQVMLCEPTIIERNMTEIVYLNNTTIEKEICPKPAEYRNWSKPQCGITGFAPFSKDNSIRLSAGGDIWVTREPYVSCDLDKCYQFALGQGTTLNNVHSNNTVRDRTPYRTLLMNELGVPFHLGTKQVCIAWSSSSCHDGKAWLHVCITGDDKNATASFIYNGRLVDSVVSWSNDILRTQESECVCINGTCTVVMTDGNATGKADTKILFIEEGKIVHTSKLSGSAQHVEECSCYPRYPGVRCVCRDNWKGSNRPIIDINIKDHSIVSRYVCSGLVGDTPRKSDSSSSSHCLNPNNEKGDHGVKGWAFDDGNDVWMGRTINETSRLGYETFKVVEGWSNPKSKLQINRQVIVDRGDRSGYSGIFSVEGKSCINRCFYVELIRGRKEETEVLWTSNSIVVFCGTSGTYGTGSWPDGANLSLMHI,H3,N2,0.2363847552874212
A/Nigeria/4995/2020,H3N2,NA,2020-11-17,EPI1851930,MNPNQKIITIGSVSLTISTICFFMQIAILITTVTLHFKQYEFNSPPNNQVMLCEPTIIERNITEIVYLTNTTIEKEICPKPAEYRNWSKPQCGITGFAPFSKDNSIRLSAGGDIWVTREPYVSCDLDKCYQFALGQGTTLNNVHSNNTVRDRTPYRTLLMNELGVPFHLGTKQVCIAWSSSSCHDGKAWLHVCITGDDKNATASFIYNGRLVDSVVSWSNDILRTQESECVCINGTCTVVMTDGNATGKADTKILFIEEGKIIHTSKLSGSAQHVEECSCYPRYPGVRCICRDNWKGSNRPIIDINIKDHSIVSSYVCSGLVGDTPRKSDSSSSSHCLNPNNEKGGHGVKGWAFDDGNDVWMGRTINETSRLGYETFKVVEGWSNPKSKLQINRQVIVDRGDRSGYSGIFSVEGKSCINRCFYVELIRGRKEETEVLWTSNSIVVFCGTSGTYGTGSWPDGADLNLMHI,H3,N2,0.23640517529254432
A/Togo/0946/2021,H3N2,NA,2021-09-17,EPI1970068,MNPNQKIITIGSVSLTISTICFFMQIAILITTVTLHFKQYEFNSPPNNQVILCEPTIIERNITEIVYLTNTTIEKEICPKPVEYRNWSKPQCGITGFAPFSKDNSIRLSAGGDIWVTREPYVSCDLDKCYQFALGQGTTLNNVHSNNTVRDRTPYRTLLMNELGVPFHLGTKQVCIAWSSSSCHDGKAWLHVCITGDDKNATASFIYNGRLVDSVVSWSNDILRTQESECVCINGTCTVVMTDGNATGRADTKILFIEEGKIIHTSKLSGSAQHVEECSCYPRYPGVRCVCRDNWKGSNRPIIDINIKDHSIVSSYVCSGLVGDTPRKSDSSSSSHCLNPNNEKGGHGVKGWAFDDGNDVWMGRTINETSRLGYETFKVVEGWSNPKSKLQINRQVIVDRGDRSGYSGIFSVEGKSCINRCFYVELIRGRKEETEVLWTSNSIVVFCGTSGTYGTGSWPDGADLNLMHI,H3,N2,0.23569125736943186
A/Newcastle/1/2021,H3N2,NA,2021-09-30,EPI1924446,MNPNQKIITIGSVSLTISTICFFMQIAILITTVTLHFKQYEFKSPPNNQVMLCEPTIIERNITEIVYLTNTTIEREICPKPAEYRNWSKPQCGITGFAPFSKDNSIRLSAGGDIWVTREPYVSCDPDKCYQFALGQGTTINNVHSNNTARDRTPHRTLLMNELGVPFHLGTKQVCIAWSSSSCHDGKAWLHVCITGDDKNATASFIYNGKLVDSVVSWSKDILRTQESECVCINGTCTVVMTDGSATGKADTKILFIEEGKIIHTSKLSGSAQHVEECSCYPRYPGVRCVCRDNWKGSNRPIVDINIKDHSIVSSYVCSGLVGDTPRKTDSSSSSHCLNPNNEKGVHGVKGWAFDDGNDVWMGRTINETSRLGYETFKVVEGWSNPKSKLQINRQVIVDRGDRSGYSGIFSVEGKSCINRCFYVELIRGRKEEAEVLWTSNSIVVFCGTSGTYGTGSWPDGADLNLMHI,H3,N2,0.23629334473355756
A/Nigeria/5059/2020,H3N2,NA,2020-11-30,EPI1851906,MNPNQKIITIGSVSLTISTICFFMQIAILITTVTLHFKQYEFNSPPNNQVMLCEPTIIERNITEIVYLTNTTIEKEICPKPAEYRNWSKPQCGITGFAPFSKDNSIRLSAGGDIWVTREPYVSCDLDKCYQFALGQGTTLNNVHSNNTVRDRTPYRTLLMNELGVPFHLGTKQVCIAWSSSSCHDGKAWLHVCITGDDKNATASFIYNGRLVDSVVSWSNDILRTQESECVCINGTCTVVMTDGNATGKADTKILFIEEGKIIHTSKLSGSAQHVEECSCYPRYPGVRCVCRDNWKGSNRPIIDINIKDHSIVSSYVCSGLVGDTPRKSDSSSSSHCLNPNNEKGGHGVKGWAFDDGNDVWMGRTINETSRLGYETFKVVEGWSNPKSKLQINRQVIVGRGDRSGYSGIFSVEGKSCINRCFYVELIRGRKEETEVLWTSNSIVVFCGTSGTYGTGSWPDGADLNLMHI,H3,N2,0.23640368680646637
A/Zambia/0071/2021,H3N2,NA,2021-03-04,EPI2004547,MNPNQKIITIGSVSLTISTICFFMQIAILITTVTLHFKQYEFNSPXNNQVMLCEPTIIERNITEIVYLTNTTIEKEICPKPAEYRNWSKPQCDITGFAPFSKDNSIRLSAGGDIWVTREPYVSCDLDKCYQFALGQGTTLNNVHSNNTVRDRTPYRTLLMNELGVPFHLGTKQVCIAWSSSSCHDGKAWLHVCITGDDKNATASFIYNGRLVDSVVSWSNDILRTQESECVCINGTCTVVMTDGNATGKADTKILFIEEGKIVHTSKLSGSAQHVEECSCYPRYPGVRCVCRDNWKGSNRPIIDINIKDHSIVSSYVCSGLVGDTPRKSDSSSSSHCLNPNNEKGGHGVKGWAFDDGNDVWMGRTINETSRLGYETFKVVEGWSNPKSKLQINRQVIVDRGDRSGYSGIFSVEGKSCINRCFYVELIRGRKEETEVLWTSNSIVVFCGTSGTYGTGSWPDGADLNLMHT,H3,N2,0.2364608882195521
A/Togo/1018/2021,H3N2,NA,2021-09-27,EPI1969903,MNPNQKIITIGSVSLTISTICFFMQIAILITTVTLHFKQYEFNSPPNNQVILCEPTIIERNITEIVYLINTTIEKEICPKPVEYRNWSKPQCGITGFAPFSKDNSIRLSAGGDIWVTREPYVSCDLDKCYQFALGQGTTLNNVHSNNTVRDRTPYRTLLMNELGVPFHLGTKQVCIAWSSSSCHDGKAWLHVCITGDDKNATASFIYNGRLVDSVVSWSNDILRTQESECVCINGTCTVVMTDGNATGRADTKILFIEEGKIIHTSKLSGSAQHVEECSCYPRYPGVRCVCRDNWKGSNRPIIDINIKDHSIVSSYVCSGLVGDTPRRSDSSSSSHCLNPNNEKGGHGVKGWAFDDGNDVWMGRTINETSRLGYETFKVVEGWSNPKSKLQINRQVIVDRGDRSGYSGIFSVEGKSCINRCFYVELIRGRKEETEVLWTSNSIVVFCGTSGTYGTGSWPDGADLNLMHI,H3,N2,0.23568397394310633
A/Bangkok/57/2020,H3N2,NA,2020-11-10,EPI1852387,MNPNQKIITIGSVSLTISTICFFMQIAILITTVTLHFKQYEFNPPPNNQVMLCEPTIIERNMTEIVYLTNTTIEKEICPKPAEYRNWSKPQCGITGFAPFSKDNSIRLSAGGDIWVTREPYVSCDLDKCYQFALGQGTTLNNVHSNNTVRXRTPYRTLLMNELGVPFHLGTKQVCIAWSSSSCHDGKAWLHVCITGDDKNATASFIYNGRLVDSVVSWSNDILRTQESECVCINGTCTVVMTDGNATGKADTKILFIEEGKIVHTSKLSGSAQHVEECSCYPRYPGVRCVCRDNWKGSNRPIIDINIKDHSIVSRYVCSGLVGDTPRKSDSSSSSHCLNPNNEKGDHGVKGWAFDDGNDVWMGRTINETSRLGYETFKVVEGWSNPKSKLQINRQVIVDRGDRSGYSGIFSVEGKSCINRCFYVELIRGRKEETEVLWTSNSIVVFCGTSGTYGTGSWPDGANLSLMHI,H3,N2,0.2326202726736213
A/Kenya/101/2021,H3N2,NA,2021-01-15,EPI1881880,MNPNQKIITIGSVSLTISTICFFMQIAILITTVTLHFKQYEFNSPPNNQVMLCEPTIIERNMTEIVYLTNTTIEKEICPKPAEYRNWSKPQCGITGFAPFSKDNSIRLSAGGDIWVTREPYVSCDLDKCYQFALGQGTTLNNVHSNNTVRDRTPYRTLLMNELGVPFHLGTKQVCIAWSSSSCHDGKAWLHVCITGDDKNATASFIYNGRLVDSVVSWSNDILRTQESECVCINGTCTVVMTDGNATGKADTKILFIEEGKIVHTSKLSGSAQHVEECSCYPRYPGVRCVCRDNWKGSNRPIIDININDHSIVSRYVCSGLVGDTPRKSDSSSSSHCLNPNNEKGDHGVKGWAFDDGNDVWMGRTINETSRLGYETFKVVEGWSNPKSKLQINRQVIVDRGDRSGYSGIFSVEGKSCINRCFYVELXRGRKEETEVLWTSNSIVVFCGTSGTYGTGSWPDGANLSLMHT,H3,N2,0.23634228651672984
A/Tripoli/5937/2021,H3N2,NA,2021-09-21,EPI1925504,MNPNQKIITIGSVSLTISTICFFMQIAILITTVTLHFKQYEFNSPPNNQVMLCEPTIIERNITEIVYLTNTTIEKEICPKPAEYRNWSKPQCGITGFAPFSKDNSIRLSAGGDIWVTREPYVSCDLDKCYQFALGQGTTLNNVHSNNTVRDRTPYRTLLMNELGVPFHLGTKQVCIAWSSSSCHDGKAWLHVCITGDDKNATASFIYNGRLVDSVVSWSNDILRTQESECVCINGTCTVVMTDGNATGKADTKILFIEEGKIVHTSKLSGSAQHVEECSCYPRYPGVRCVCRDNWKGSNRPIIDINIKDYSIVSRYVCSGLVGDTPRKSDSSSSSHCLNPNNEKGGHGVKGWAFDDGNDVWMGRTINETSRLGYETFKVVEGWSNPKSKLQINRQVIVDRGDRSGYSGIFSVEGKSCINRCFYVELIRGRKEETEVLWTSNSIVVFCGTSGTYGTGSWPDGANLSLMHI,H3,N2,0.23640873053749364
A/Kenya/GIHSN-HCL022159943101/2021,H3N2,NA,2021-09-15,EPI2250864,MNPNQKIITIGSVSLTISTICFFMQIAILITTVTLHFKQYEFNSPPNNQVMLCEPTIIERNITEIVYLTNTTIEKEICPKPAEYRNWSKPQCDITGFAPFSKDNSIRLSAGGNIWVTREPYVSCDLDKCYQFALGQGTTLNNVHSNNTVRDRTPYRTLLMNELGVPFHLGTKQVCIAWSSSSCHDGKAWLHVCITGDDKNATASFIYNGRLVDSVVSWSNDILRTQESECVCINGTCTVVMTDGNATGKADTKILFIEEGKIVHTSKLSGSAQHVEECSCYPRYPGVRCVCRDNWKGSNRPIIDINIKDHSIVSSYVCSGLVGDTPRKSDSSSSSHCLNPNNEKGGHGVKGWAFDDGNDVWMGRTINETSRLGYETFKVVEGWSNPKSKLQINRQVIVDRGDRSGYSGIFSVEGKSCINRCFYVELIRGRKEETEVLWTSNSIVVFCGTSGTYGTGSWPDGADLNLMHT,H3,N2,0.236467457119218
A/Netherlands/00007/2021,H3N2,NA,2021-08-02,EPI1885139,MNPNQKIITIGSVSLTISTICFFMQIAILITTVTLHFKQYEFNSPXNNQVMLCEPTIIERNITEIVYLTNTTIEKEICPKPAEYRNWSKPQCGITGFAPFSKDNSIRLSAGGDIWVTREPYVSCDLDKCYQFALGQGTTLNNVHSNNTVRDRTPYRTLLMNELGVPFHLGTKQVCIAWSSSSCHDGKAWLHVCITGDDKNATASFIYNGRLVDSVVSWSNDILRTQESECVCINGTCTVVMTDGNATGKADTKILFIEEGKIVHTSKLSGSAQHVEECSCYPRYPGVRCVCRDNWKGSNRPIIDINIKDHSIVSRYVCSGLVGDTPRKSDSSSSSHCLNPNNEKGGHGVKGWAFDDGNDVWMGRTINETSRLGYETFKVVEGWSNPKSKLQINRQVIVDRGDRSGYSGIFSVEGKSCINRCFYVELIRGRKEETEVLWTSNSIVVFCGTSGTYGTGSWPDGANLSLMHI,H3,N2,0.23644176948021275
A/Kenya/146/2021,H3N2,NA,2021-09-10,EPI1940937,MNPNQKIITIGSVSLTISTICFFMQIAILITTVTLHFKQYEFNSPPNNQVMLCEPTIIERNITEIVYLTNTTIEKEICPKPAEYRNWSKPQCGITGFAPFSKDNSIRLSAGGDIWVTREPYVSCDLDKCYQFALGQGTTLNNVHSNNTVRDRTPYRTLLMNELGVPFHLGTKQVCIAWSSSSCHDGKAWLHVCITGDDKNATASFIYNGRLVDSVVSWSNDILRTQESECVCINGTCTVVMTDGNATGKADTKILFIEEGKIIHTSKLSGSAQHVEECSCYPRYPGVRCVCRDNWKGSNRPIIDINIKDHSIVSSYVCSGLVGDTPRKSDSSSSSHCLHPNNEKGGHGVKGWAFDDGNDVWMGRTINETSRLGYETFKVVEGWSNSKSKLQINRQVIVDRGDRSGYSGIFSVEGKSCINRCFYVELIRGRKEETEVLWTSNSIVVFCGTSGTYGTGSWPDGADLNLMHI,H3,N2,0.23637537696662592
A/Oman/4837/2021,H3N2,NA,2021-09-05,EPI1925289,MNPNQKIITIGSVSLTISTICFFMQIAILITTVTLHFKQYEFNSPPNNQVMMCEPTIIERNITEIVYLTNTTIEKEICPKPAEYRNWSKPQCGITGFAPFSKDNSIRLSAGGDIWVTREPYVSCDLDKCYQFALGQGTTLNNVHSNNTVRDRTPYRTLLMNELGVPFHLGTKQVCIAWSSSSCHDGKAWLHVCITGDDKNATASFIYNGRLVDSVVSWSNDILRTQESECVCINGTCTVVMTDGNATGKADTKILFIEEGKIIHTSKLSGSAQHVEECSCYPRYPGVRCVCRDNWKGSNRPIIDINIKDHSIVSSYVCSGLVGDTPRKSDSSSSSHCLNPNNEKGGHGVKGWAFDDGNDVWMGRTINETSRLGYETFKVVEGWSNPKSKLQINRQVIVDRGDRSGYSGIFSVEGKSCINRCFYVELIRGRKEETEVLWTSNSIVVFCGTSGTYGTGSWPDGADLNLMHI,H3,N2,0.23640899889533667
A/Bangladesh/1002/2020,H3N2,NA,2020-10-05,EPI1843885,MNPNQKIITIGSVSLTISTICFFMQIAILITTVTLHFKQYEFNSPPNNQVMLCEPTIIERNITEIVYLTNTTIEKEICPKPAEYRNWSKPQCGITGFAPFSKDNSIRLSAGGDIWVTREPYVSCDLDKCYQFALGQGTTLNNVHSNNTVRDRTPYRTLLMNELGVPFHLGTKQVCIAWSSSSCHDGKAWLHVCITGDDKNATASFIYNGRLVDSVVSWSNDILRTQESECVCINGTCTVVMTDGNATGKADTKILFIEEGKIVHTSKLSGSAQHVEECSCYPRYPGVRCVCRDNWKGSNRPIIDINIKDHSIVSRYVCSGLVGDTPRKSDSSSSSHCLNPNNEKGDHGVKGWAFDDGNDVWMGRTINETSRLGYETFKVVEGWSNPKSKLQINRQVIVDRGDRSGYSGIFSVEGKSCINRCFYVELIRGRKEETEVLWTSNSIVVFCGTSGTYGTGSWPDGANISLMHI,H3,N2,0.23637018858457326
A/Minnesota/02/2021,H3N2,NA,2021-06-17,EPI1887880,MNPNQKIITIGSVSLTISTICFFMQIAILITTVTLHFKQYEFNSPPNNQVMLCEPTIIERNITEIVYLTNTTIEKEICPKPAEYRNWSKPQCGITGFAPFSKDNSIRLSAGGDIWVTREPYVSCDLDKCYQFALGQGTTLNNVHSNNTVRDRTPYRTLLMNELGVPFHLGTKQVCIAWSSSSCHDGKAWLHVCITGDDKNATASFIYNGRLVDSVVSWSNDILRTQESECVCINGTXTVVMTDGNATGKADTKILFIEEGKIVHTSKLSGSAQHVEECSCYPRYPGVRCVCRDNWKGSNRPIIDINIKDHSIVSRYVCSGLVGDTPRKSDSSSSSHCLNPNNEKGDNGVKGWAFDDGNDVWMGRTINETSRLGYETFKVVEGWSNPKSKLQINRQVIVDRGDRSGYSGIFSVEGKSCINRCFYVELIRGRKEETEVLWTSNSIVVFCGTSGTYGTGSWPDGANLSLMHI,H3,N2,0.23636574273565758
A/Ethiopia/2505/2021,H3N2,NA,2021-09-02,EPI1969483,MNPNQKIITIGSVSLTISTICFFMQIAILITTVTLHFKQYEFNSPPNNQVMLCEPTIIERNITEIVYLTNTTIEKEICPKPAEYRNWSKPQCGITGFAPFSKDNSIRLSAGGDIWVTREPYVSCDLDKCYQFALGQGTTLNNVHSNNTVRDRTPYRTLLMNELGVPFHLGTKQVCIAWSSSSCHDGKAWLHVCVTGDDKNATASFIYNGRLVDSVVSWSNDILRTQESECVCINGTCTVVMTDGNATGKADTKILFIEEGKIIHTSKLSGSAQHVEECSCYPRYPGVRCVCRDNWKGSNRPIIDINIKDHSIVSSYVCSGLVGDTPRKSDSSSSSHCLNPNNEKGWHGVKGWAFDDGNDVWMGRTINETSRLGYETFKVVEGWSNPKSKLQINRQVIVDRGDRSGYSGIFSVEGKSCINRCFYVELIRGRKEETEVLWTSNSIVVFCGTSGTYGTGSWPDGADLNLMHI,H3,N2,0.2363991591300525
A/Laos/1421/2021,H3N2,NA,2021-04-12,EPI1925337,MNPNQKIITIGSVSLTISTICFFMQIAILITTVTLHFKQYEFNSPPNNQVMLCEPTIIERNMTEIVYLTNTTXEKEICPKPAEYRNWSKPQCGITGFAPFSKDNSIRLSAGGDIWVTREPYVSCDLDKCYQFALGQGTTLNNVHSNNTVRDRTPYRTLLMNELGVPFHLGTKQVCIAWSSSSCHDGKAWLHVCITGDDKNATASFIYNGRLVDSVVSWSNDILRTQESECVCINGTCTVVMTDGNATGKADTKILFIEEGKIVHTSKLSGSAQHVEECSCYPRYPGVRCVCRDNWKGSNRPIIDINIKDHSIVSRYVCSGLVGDTPRKSDSSSSSHCLNPNNEKGDHGVKGWAFDDGNDVWMGRTINETSRLGYETFKVVEGWSNPKSKLQINRQVIVDRGDRSGYSGIFSVEGKSCINRCFYVELIRGRKEETEVLWTSNSIVVFCGTSGTYGTGSWPDGANLSLMHI,H3,N2,0.23633582673484452
A/Kenya/GIHSN-HCL022161528701/2021,H3N2,NA,2021-08-18,EPI2251242,MNPNQKIITIGSVSLTISTICFFMQIAILITTVTLHFKQYEFNSPPNNQVMLCEPTIIERNITEIVYLTNTTIEKEICPKPAEYRNWSKPQCDITGFAPFSKDNSIRLSAGGDIWVTREPYVSCDLDKCYQFALGQGTTLNNVHSNNTVRDRTPYRTLLMNELGVPFHLGTKQVCIAWSSSSCHDGKAWLHVCITGDDKNATASFIYNGRLVDSVVSWSNDILRTQESECVCINGTCTVVMTDGNATGKADTKILFIEEGKIVHTSKLSGGAQHVEECSCYPRYPGVRCVCRDNWKGSNRPIIDINIKDHSIVSSYVCSGLVGDTPRKSDSSSSSHCLNPNNEKGGHGVKGWAFDDGNDVWMGRTINETSRLGYETFKVVEGWSNPKSKLQINRQVIVDRGDRSGYSGIFSVEGKSCINRCFYVELIRGRKEETEVLWTSNSIVVFCGTSGTYGTGSWPDGADLNLMHT,H3,N2,0.23645691680738515
A/Kenya/102/2021,H3N2,NA,2021-01-27,EPI1881927,MNPNQKIITIGSVSLTISTICFFMQIAILITTVTLHFKQYEFNSPPNNQVMLCEPTIIERNMTEIVYLTNTTIEKEICPKPAEYRNWSKPQCGITGFAPFSKDNSIRLSAGGDIWVTREPYVSCDLDKCYQFALGQGTTLNNVHSNNTVRDRTPYRTLLMNELGVPFHLGTKQVCIAWSSSSCHDGKAWLHVCITGDDKNATASFIYNGRLVDSVVSWSNDILRTQESECVCINGTCTVVMTDGNATGKADTKILFIEEGKIVHTSKLSGSAQHVEECSCYPRYPGVRCVCRDNWKGSNRPIIDINIKDHSIVSRYVCSGLVGDTPRKSDSSSSSHCLNPNNEKGDHGVKGWAFDDGNDVWMGRTINETSRLGYETFKVVEGWSNPKSKLQINRQVIVDRGDRSGYSGIFSVEGKSCINRCFYVELIRGRKEETKVLWTSNSIVVFCGTSGTYGTGSWPDGANLSLMHT,H3,N2,0.23636435158991895
A/Kenya/151/2021,H3N2,NA,2021-09-14,EPI1940850,MNPNQKIITIGSVSLTISIICFFMQIAILITTVTLHFKQYEFNSPPNNQVVLCEPTIIERNITEIVYLTNTTIEKEICPKPAEYRNWSKPQCDITGFAPFSKDNSIRLSAGGDIWVTREPYVSCDLDKCYQFALGQGTTLNNVHSNNTVRDRTPYRTLLMNELGVPFHLGTKQVCIAWSSSSCYDGKAWLHVCITGDDKNATASFIYNGRLVDSVVSWSNDILRTQESECVCINGTCTVVMTDGNATGKADTKILFIEEGKIVHTSKLSGSAQHVEECSCYPRYPGVRCVCRDNWKGSNRPIIDINIKDHSIVSSYVCSGLVGDTPRKSDSSSSSHCLNPNNEKGGHGVKGWAFDDGNDVWMGRTINETSRLGYETFKVVEGWSNPKSKLXINRQVIVDRGDRSGYSGIFSVEGKSCINRCFYVELIRGRKEETDVLWTSNSIVVFCGTSGTYGTGSWPDGADLNLMHT,H3,N2,0.23609139159526601
A/Kenya/111/2021,H3N2,NA,2021-02-18,EPI1884413,MNPNQKIITIGSVSLTISTICFFMQIAILITTVTLHFKQYEFNSPPNNQVMLCEPTIIERNMTEIVYLTNTTIEKEICPKPAEYRNWSKPQCGITGFAPFSKDNSIRLSAGGDIWVTREPYVSCDLDKCYQFALGQGTTLNNVHSNNTVRDRTPYRTLLMNELGVPFHLGTKQVCIAWSSSSCHDGKAWLHVCITGDDKNATASFIYNGRLVDSVVSWSNDILRTQESECVCINGTCTVVMTDGNATGKADTKILFIEEGKIVHTSKLSGSAQHVEECSCYPRYPGVRCVCRDNWKGSNRPIIDINIKDHSIVSRYVCSGLVGDTPRKSDSSSSSHCLNPNNEKGDHGVKGWAFDDGNDVWMGRTINETSRLGYETFKVVEGWSNPKSKLQINRQVIVDRGDRSGYSGIFSVEGKSCINRCFYVELIRGRKEETEVLWTSNSIVVFCGTSGTYGTGSWPDGANLSLMHA,H3,N2,0.23638337346620406
A/Delaware/01/2021,H3N2,NA,2021-04-16,EPI1940655,MNPNQKIITIGSVSLTISTICFFMQIAILITTVTLHFKQYEFNSPPNNQVMLCEPTIIERNITEIVYLTNTTIEKEMCPKPAEYRNWSKPQCGITGFAPFSKDNSIRLSAGGDIWVTREPYVSCDLDKCYQFALGQGTTLNNVHSNNTVRDRTPYRTLLMNELGVPFHLGTKQVCIAWSSSSCHDGKAWLHVCITGDDKNATASFIYNGRLVDSVVSWSNDILRTQESECVCINGTCTVVMTDGNATGKADTKILFIEEGKIVHTSKLSGSAQHVEECSCYPRYPGVRCVCRDNWKGSNRPIIDINIKDHSIVSRYVCSGLVGDTPRKSDSSSSSHCLNPNNEKGDHGVKGWAFDDGNDVWMGRTINETSRLGYETFKVVEGWSNPKSKLQINRQVIVDRGDRSGYSGIFSVEGKSCINRCFYVELIRGRKEETEVLWTSNSIVVFCGTSGTYGTGSWPDGANLSLMHI,H3,N2,0.236384361179372
A/Zambia/0172/2021,H3N2,NA,2021-07-15,EPI2003264,MNPNQKIITIGSVSLTISTICFFMQIAILITTVTLHFKQYEFNSPPNNQVMLCEPTIIERNITEIVYLTNTTIEKEICPKPAEYRNWSKPQCGITGFAPFSKDNSIRLSAGGDIWVTREPYVSCDLDKCYQFALGQGTTLNNVHSNNTVRDRTPYRTLLMNELGVPFHLGTKQVCIAWSSSSCYDGKAWLHVCITGDDKNATASFIYNGRLVDSVVSWSNDILRTQESECVCINGTCTVVMTDGNATGKADTKILFIEEGKIIHTSELSGSAQHVEECSCYPRYPGVRCVCRDNWKGSNRPIIDINIKDHSIVSSYVCSGLVGDTPRKSDSSSSSHCLHPNNEKGGHGVKGWAFDDGNDVWMGRTINETSRFGYETFKVVEGWSNPKSKLQINRQVIVDRGDRSGYSGIFSVEGKSCINRCFYVELIRGRKEETEVLWTSNSIVVFCGTSGTYGTGSWPDGADLNLMHI,H3,N2,0.2360897535820811
A/Guangdong/02591/2021,H9N2,NA,2021-04-22,EPI1884601,MNPNQKITAIGSVSLIIAIICLLMQIAILTTTMTLHFGQKECSNPSNNQVMPCEPIIIERTTVHLNSTTLEREICPKAAEYKNWSKPQCLITGFAPFSKDNSIRLSAGGDIWVTREPYVSCSPDKCYQFALGQGTTLKNDHSNGTTHDRTPHRTLLMNELGVPFHLGTKQVCIAWSSSSCYDGKAWLHICVTGDDKNATASIIYNGMLVDSIGSWSKNILRTQESECVCINGTCAVVMTDGSASGVADTRVLFIREGKIINIRPLSGSAQHVEECSCYPRYPEIRCVCRDNWKGSNRPVLYINMADYSIESSYVCSGLVGDTPRNDDSSSSSNCRDPNNERGAPGVKGWAFDDGNDVWMGRTIKNGSRSGYETFRVINGWTMANSKSQINRQIIVDSDELSGYSGIFSVEGKECINRCFYVELIRGRPHEPRVWWTSNSIIVFCGTSGTYGTGSWPDGANINFMPI,H9,N2,0.32507864502529116
A/Ethiopia/2524/2021,H3N2,NA,2021-09-30,EPI1969616,MNPNQKIITIGSVSLTISTICFFMQIAILITTVTLHFKQYEFNSPPNNQVMLCEPTIIERNITEIVYLTNTTIEKEICPKPAEYRNWSKPQCGITGFAPFSKDNSIRLSAGGDIWVTREPYVSCDLDKCYQFALGQGTTLNNVHSNNTVRDRTPYRTLLMNELGVPFHLGTKQVCIAWSSSSCHDGKAWLHVCITGDDKNATASFIYNGRLVDSVVSWSNDILRTQESECVCINGTCTVVMTDGNATGKADTKILFIEEGKIIHTSKLSGSAQHVEECSCYPRYPGVRCVCRDNWKGSNRPIIDINIKDHSIVSSYVCSGLVGDTPRKSDSSSSSHCLNPNNEKGGHGVKGWAFDDGNDVWMGRTINETSRLGYETFKVVEGWSNPKSKLQINRQVVVDRGDRSGYSGIFSVEGKSCINRCFYVELIRGRKEETEVLWTSNSIVVFCGTSGTYGTGSWPDGADLNLMHI,H3,N2,0.23641195069608908
A/Saudi_Arabia/VRG-42/2020,H3N2,NA,2020-12-09,EPI2201534,MNPNQKIITIGSVSLTISTICFFMQIAILITTVTLHFKQYEFNSPPNNQVMLCEPTIIERNITEIVYLTNTTIEKEICPKPAEYRNWSKPQCGITGFAPFSKDNSIRLSAGGDIWVTREPYVSCDLDKCYQFALGQGTTLNNVHSNNTVRDRTPYRTLLMNELGVPFHLGTKQVCIAWSSSSCHDGKAWLHVCITGDDKNATASFIYNGRLVDSVVSWSNDILRTQESECVCINGTCTVVMTDGNATGKADTKILFIEEGKIIHTSKLSGSAQHVEECSCYPRYPGVRCVCRDNWKGSNRPIIDINIKDHSIVSSYVCSGLVGDTPRKSDSSSSSHCLNPNNEKGGHGVKGWAFDDGNDVWMGRTINETSRLGYETFKVVEGWSNPKSKLQINRQVIVDRGDRSGYSGIFSVEGKSCINRCFYVELIRGRKEETEVLWTSNSIVVFCGTSGTYGTGSWPDGADLNLMPI,H3,N2,0.23641195069608908
A/Cambodia/1180/2020,H3N2,NA,2020-10-08,EPI1856026,MNPNQKIITIGSVSLTISTICFFMQIAILITTITLHFKQYEFNSPPNNQVMLCEPTIIERNMTEIVYLTNTTIEKEICPKPAEYRNWSKPQCGITGFAPFSKDNSIRLSAGGDIWVTREPYVSCDLDKCYQFALGQGTTLNNVHSNNTVRDRTPYRTLLMNELGVPFHLGTKQVCIAWSSSSCHDGKAWLHVCITGDDKNATASFIYNGRLVDSVVSWSNDILRTQESECVCINGTCTVVMTDGNATGKADTKILFIEEGKIVHTSKLSGSAQHVEECSCYPRYPGVRCVCRDNWKGSNRPIIDINIKDHSIVSRYVCSGLVGDTPRKSDSSSSSHCLNPNNEKGDHGVKGWAFDDGNDVWMGRTINETSRLGYETFKVVEGWSNPKSKLQINRQVIVDRGDRSGYSGIFSVEGKSCINRCFYVELIRGRKEETEVLWTSNSIVVFCGTSGTYGTGSWPDGANLSLMHI,H3,N2,0.23638305678520777
A/Niger/8773/2021,H3N2,NA,2021-01-19,EPI1853532,MNPNQKIITIGSVSLTISTICFFMQIAILITTVTLHFKQYEFNSPPNNQVMLCEPTIVERNITEIVYLTNTTIEKEICPKPAEYRNWSKPQCGITGFAPFSKDNSIRLSAGGDIWVTREPYVSCDLDKCYQFALGQGTTLNNVHSNNTVHDRTPYRTLLMNELGVPFHLGTKQVCIAWSSSSCHDGKAWLHVCITGDDKNATASFIYNGRLVDSVVSWSNDILRTQESECVCINGTCTVVMTDGNATGKADTKILFIEEGKIIHTSKLSGSAQHVEECSCYPRYPGVRCVCRDNWKGSNRPIIDINIKDHSIVSSYVCSGLVGDTPRKSDSSSSSHCLNPNNEKGGHGVKGWAFDDGNDVWMGRTINETSRLGYETFKVVEGWSNPKSKLQINRQVIVDRGDRSGYSGIFSVEGKSCINRCFYVELIRGRKEETEVLWTSNSIVVFCGTSGTYGTGSWPDGADLNLMHI,H3,N2,0.23588275815605766
A/Cote_d'Ivoire/2554/2020,H3N2,NA,2020-11-06,EPI1845863,MNPNQKIITIGSVSLTISTICFFMQIAILITTVTLHFKQYEFNFPPNNQVMLCEPTIIERNITEIVYLTNTTIEKEICPKPAEYRNWSKPQCGITGFAPFSKDNSIRLSAGGDIWVTREPYVSCDLDKCYQFALGQGTTLNNVHSNNTVRDRTPYRTLLMNELGVPFHLGTKQVCIAWSSSSCHDGKAWLHVCITGDDKNATASFIYNGRLVDSVVSWSNDILRTQESECVCINGTCTVVMTDGNATGKADTKILFIEEGKIIHTSKLSGSAQHVEECSCYPRYPGVRCVCRDNWKGSNRPIIDINIKDHSIVSSYVCSGLVGDTPRKSDSSSSSHCLNPNNEKGGHGVKGWAFDDGNDVWMGRTINETSRLGYETFKVVEGWSNPKSKLQINRQVIVDRGDRSGYSGIFSVEGKSCINRCFYVELIRGRKEETEVLWTSNSIVVFCGTSGTYGTGSWPDGADLNLMHI,H3,N2,0.23605639441850315
A/Qatar/24-VI-21-3929575/2021,H3N2,NA,2021-08-09,EPI1925466,MNPNQKIITIGSVSLTISTICFFMQIAILITTVTLHFKQYEFNSPPNNQVMLCEPTIIERNITEIVYLTNTTIEKEICPKPAEYRNWSKPQCGITGFAPFSKDNSIRLSAGGDIWVTREPYVSCDLDKCYQFALGQGTTLNNVHSNNTVRDRTPYRTLLMNELGVPFHLGTKQVCIAWSSSSCHDGKAWLHVCITGDDKNATASFIYNGRLVDSVVSWSNDILRTQESECVCINGTCTVVMTDGNATGKADTKILFIEEGKIVHTSKLSGSAQHVEECSCYPRYPGVRCVCRDNWKGSNRPIIDINIKDHSIVSRYVCSGLVGDTPRKSDSSSSSHCLNPNNEKGDHGVKGWAFDDGNDVWMGRTINETSRLGYETFKVVEGWSNPKSKLQINRQVIVDKGDRSGYSGIFSVEGKSCINRCFYVELIRGRKEETEVLWTSNSIVVFCGTSGTYGTGSWPDGANLSLMHI,H3,N2,0.2363701898311119
A/Kenya/GIHSN-HCL022160190301/2021,H3N2,NA,2021-09-03,EPI2251060,MNPNQKIITIGSVSLTISTICFFMQIAILITTVTLHFKQYEFNSPPNNQVMLCEPTIIERNITEIVYLTNTTIEKEICPKPAEYRNWSKPQCDITGFAPFSKDNSIRLSAGGDIWVTREPYVSCDLDKCYQFALGQGTTLNNVHSNNTVRDRTPYRTLLMNELGVPFHLGTKQVCIAWSSSSCHDGKAWLHVCITGDDKNATASFIYNGRLVDSVVSWSNDILRTQESECVCINGTCTVVMTDGNATGKADTKILFIEEGKIVHTSKLSGSAQHVEECSCYPQYPGVRCVCRDNWKGSNRPIIDINIKDHSIVSSYVCSGLVGDTPRKSDSSSSSHCLNPNNEKGGHGVKGWAFDDGNDVWMGRTINETSRLGYETFKVVEGWSNPKSKLQINRQVIVDRGDRSGYSGIFSVEGKSCINRCFYVELIRGRKEETEVLWTSNSIVVFCGTSGTYGTGSWPDGADLNLMHT,H3,N2,0.23646193365890317
A/Hubei-Fangxian/218/2021,H9N2,NA,2021-02-10,EPI1884649,MNPNQKITAIGSVSLIIAIICLLMQIAILTTTMTLHFGQKECSNPSNNQVMPCEPIIIERNTVHLNSTVIEREICPKVAEYKNWSKPQCLITGFAPFSKDNSIRLSAGGDIWVTREPYVSCSSNKCYQFALGQGTTLKNGHSNGTTHDRTPHRTLLMNELGVPFHLGTKQVCVAWSSSSCYDGKAWLHICVTGDDNNATASIIYDGMLVDSIGSWSKNILRTQESECVCINGTCAVVMTDGSASGVADTRVLFIREGKVISIRPLSGSAQHVEECSCYPRYPEIRCVCRDNWKGSNRPIIYINMADYSIESSYVCSGLVGDTPRNGDSSSSSNCRDPNNEKGTPGVKGWAFDDGNDVWMGRTIKNSSRSGYETFRVINGWTIANSKLQINRQVIVDSDNWSGYSGIFSVEGKECINRCFYVELIRGRPQEPRVWWTSNSIVVFCGTSGTYGTGSWPDGANINFMPI,H9,N2,0.3306961360817718
A/Togo/0936/2021,H3N2,NA,2021-09-17,EPI1991523,MNPNQKIITIGSVSLTISTICFFMQIAILITTVTLHFKQYEFNSPPNNQVMLCEPTIVERNITEIVYLTNTTIEKEICHKPAEYRNWSKPQCGITGFAPFSKDNSIRLSAGGDIWVTREPYVSCDLDKCYQFALGQGTTLNNVHSNNTVSDRTPYRTLLMNELGVPFHLGTKQVCIAWSSSSCHDGKAWLHVCITGDDKNATASFIYNGRLVDSVVSWSNDILRTQESECVCINGTCTVVMTDGNATGKADTKILFIEEGKIIHTSKLSGSAQHVEECSCYPRYPGVRCVCRDNWKGSNRPIIDINIKDHSIVSSYVCSGLVGDTPRKNDSSSSSHCLNPNNEKGGHGVKGWAFDDGNDVWMGRTINETSRLGYETFKVVEGWSNPKSKLQINRQVIVDRGDRSGYSGIFSVEGKSCINRCFYVELIRGRKEETEVLWTSNSIVVFCGTSGTYGTGSWPDGADLNLMHI,H3,N2,0.2358821066445591
A/Maldives/758/2021,H3N2,NA,2021-09-30,EPI2194980,MNPNQKIITIGSVSLTISTICFFMQIAILITTVTLHFKQYEFNSPPNNQVMLCEPTIIERKMTEIVYLTNTTIEKEICPKPAEYRNWSKPQCGITGFAPFSKDNSIRLSAGGDIWVTREPYVSCDLDKCYQFALGQGTTLNNVHSNNTVRDRTPYRTLLMNELGVPFHLGTKQVCIAWSSSSCHDGKAWLHVCITGDDKNATASFIYNGRLVDSVVSWSNDILRTQESECVCINGTCTVVMTDGNATGKADTKILFIEEGKIVHTSKLSGSAQHVEECSCYPRYPGVRCVCRDNWKGSNRPIIDINIKDHSIVSRYVCSGLVGDTPRKSDSSSSSHCLNPNNEKGDHGVKGWAFDDGNDVWMGRTINETSRLGYETFKVVEGWSNPKSKLQINRQVIVDRGDRSGYSGIFSVEGKSCINRCFYVELIRGRKEETEVLWTSNSIVVFCGTSGTYGTGSWPDGANLSLMHT,H3,N2,0.23638522026823516
A/Ethiopia/3985/2021,H3N2,NA,2021-08-13,EPI1992866,MNPNQKIITIGSISLTISTICFFMQIAILITTVTLHFKQYEFNSPPNNQVMLCEPTIIERNITEIVYLTNTTIEKEICPKPAEYRNWSKPQCGITGFAPFSKDNSIRLSAGGDIWVTREPYVSCDLDKCYQFALGQGTTLNNVHSNNTVRDRTPYRTLLMNELGVPFHLGTKQVCIAWSSSSCHDGKAWLHVCITGDDKNATASFIYNGRLVDSVVSWSNDILRTQESECVCINGTCTVVMTDGNATGKADTKILFIEEGKIIHTSKLSGSAQHVEECSCYPRYPGVRCVCRDNWKGSNRPIIDINIKDHSIVSSYVCSGLVGDTPRKSDSSSSSHCLNPNNEKGGHGVKGWAFDDGNDVWMGRTINETSRLGYETFKVVEGWSNPKSKLQINRQVIVDRGDRSGYSGIFSVEGKSCINRCFYVELIRGRKEETEVLWTSNSIVVFCGTSGTYGTGSWPDGADLNLMHV,H3,N2,0.2364146568879801
A/Qatar/24-VI-21-3985321/2021,H3N2,NA,2021-08-11,EPI1889294,MNPNQKIITIGSVSLTISTICFFMQIAILITTVTLHFKQFEFNSPPNNQVMLCEPTIIERNITEIVYLTNTTIEKEICPKPAEYRNWSKPQCGITGFAPFSKDNSIRLSAGGDIWVTREPYVSCDLDKCYQFALGQGTTLNNVHSNNTVRDRTPYRTLLMNELGVPFHLGTKQVCIAWSSSSCHDGKAWLHVCITGDDKNATASFIYNGRLVDSVVSWSNDILRTQESECVCINGTCTVVMTDGNATGKADTKILFIEEGKIVHTSKLSGSAQHVEECSCYPRYPGVRCVCRDNWKGSNRPIIDINIKDHSIVSRYVCSGLVGDTPRKSDSSSSSHCLNPNNEKGDHGVKGWAFDDGNDVWMGRTINETSRLGYETFKVVEGWSNPKSKLQINRQVIVDRGDRSGYSGIFSVEGKSCINRCFYVELIRGRKEETEVLWTSNSIVVFCGTSGTYGTGSWPDGANLSLMHI,H3,N2,0.2363705387229266
A/Saudi_Arabia/VRG-46/2020,H3N2,NA,2020-12-10,EPI2201535,MNPNKKIITIGSVSLTISTICFFMQIAILITTVTLHFKQYEFNSPPNNQVMLCEPTIIERNITEIVYLTNTTIEKEICPKPAEYRNWSKPQCGITGFAPFSKDNSIRLSAGGDIWVTREPYVSCDLDKCYQFALGQGTTLNNVHSNNTVRDRTPYRTLLMNELGVPFHLGTKQVCIAWSSSSCHDGKAWLHVCITGDDKNATASFIYNGRLVDSVVSWSNDILRTQESECVCINGTCTVVMTDGNATGKADTKILFIEEGKIIHTSKLSGSAQHVEECSCYPRYPGVRCVCRDNWKGSNRPIIDINIKDHSIVSSYVCSGLVGDTPRKSDSSSSSHCLNPNNEKGGHGVKGWAFDDGNDVWMGRTINETSRLGYETFKVVEGWSNPKSKLQINRQVIVDRGDRSGYSGIFSVEGKSCINRCFYVELIRGRKEETEVLWTSNSIVVFCGTSGTYGKGSGPDGANLNLMPI,H3,N2,0.2364095246567188
A/Maldives/440/2021,H3N2,NA,2021-09-14,EPI2194184,MNPNQKIITIGSVSLTISTICFFMQIAILITTVTLHFKQYEFNSPPNNQVMLCEPTIIERKMTEIVYLTNTTIEKEICPKPAEYRNWSKPQCGITGFAPFSKDNSIRLSAGGDIWVTREPYVSCDLDKCYQFALGQGTTLNNVHSNNTVRDRTPYRTLLMNELGVPFHLGTKQVCIAWSSSSCHDGKAWLHVCITGDDKNATASFIYNGRLVDSVVSWSNDILRTQESECVCINGTCTVVMTDGNATGKADTKILFIEEGKIVHTSKLSGSAQHVEECSCYPRYPGVRCVCRDNWKGSNRPIIDINIKDHSIVSRYVCSGLVGDTPRKSDSSSSSHCLNPNYEKGDHGVKGWAFDDGNDVWMGRTINETSRLGYETFKVVEGWSNPKSKLQINRQVIVDRGDRSGYSGIFSVEGKSCINRCFYVELIRGRKEETEVLWTSNSIVVFCGTSGTYGTGSWPDGANLSLMHT,H3,N2,0.2363843496979401
A/Kenya/GIHSN-HCL022159983901/2021,H3N2,NA,2021-09-16,EPI2250871,MNPNQKIITIGSVSLTISTICFFMQIAILITTVTLHFKQYEFNSPPNNQVMLCEPTIIERNITEIVYLTNTTIEKEICPKPAEYRNWSKPQCDITGFAPFSKDNSIRLSAGGDIWVTREPYVSCDLDKCYQFALGQGTTLNNVHSNNTVRDRTPYRTLLMNELGVPFHLGTKQVCIAWSSSSCHDGKAWLHVCITGDDKNATASFIYNGRLVDSVVSWSNDILRTQESECVCINGTCTVVMTDGNATGKADTKILFIEEGKIVHTSKLSGSAQHVEECSCYPRYPGVRCVCRDNWKGSNRPIIDINIKDHSIVSSYVCSGLVGDTPRKSDSSSSSHCLNPNNEKGGHGVKGWAFDDGNDVWMGRTINESSRLGYETFKVVEGWSNPKSKLQINRQVIVDRGDRSGYSGIFSVEGKSCINRCFYVELIRGRKEETEVLWTSNSIVVFCGTSGTYGTGSWPDGADLNLMHT,H3,N2,0.23645953024140326
A/Darwin/2/2021,H3N2,NA,2021-02-24,EPI1859969,MNPNQKIITIGSVSLTISTICFFMQIAILITTVTLHFKQYEFNSPPNNQVMLCEPTIIERNMTEIVYLTNTTIEKEICPKPAEYRNWSKPQCGITGFAPFSKDNSIRLSAGGDIWVTREPYVSCDLDKCYQFALGQGTTLNNVHSNNTVRDRTPYRTLLMNELGVPFHLGTKQVCIAWSSSSCHDGKAWLHVCITGDDKNATASFIYNGRLVDSVVSWSNDILRTQESECVCINGTCTVVMTDGNATGKADTKILFIEEGKIVHASKLSGSAQHVEECSCYPRYPGVRCVCRDNWKGSNRPIIDINIKDHSIVSRYVCSGLVGDTPRKSDSSSSSHCLNPNNEKGDHGVKGWAFDDGNDVWMGRTINETSRLGYETFKVVEGWSNPKSKLQINRQVIVDRGDRSGYSGIFSVEGKSCINRCFYVELIRGRKEETEVLWTSNSIVVFCGTSGTYGTGSWPDGANLSLMHI,H3,N2,0.23637392482233194
A/Kenya/152/2021,H3N2,NA,2021-09-14,EPI1940874,MNPNQKIITIGSVSLTISTICFFMQIAILITTVTLHFKQYEFNSPPNNQVMLCEPTIIERNITEIVYLTNTTIEKEICPKPAEYRNWSKPQCDITGFAPFSKDNSIRLSAGGDIWVTREPYVSCDLDKCYQFALGQGTTLNNVHSNNTVRDRTPYRTLLMNELGVPFHLGTKQVCIAWSSSSCYDGKAWLHVCITGDDKNATASFIYNGRLVDSVVSWSNDILRTQESECVCINGTCTVVMTDGNATGKADTKILFIEEGKIVHTSKLSGSAQHVEECSCYPRYPGVRCVCRDNWKGSNRPIIDINIKDHSIXSSYVCSGLVGDTPRKSDSSSSSHCLNPNNEKGGHGVKGWAFDDGNDVWMGRTINETSRLGYETFKVVEGWSNPKSKLQINRQVIVDRGDRSGYSGIFSVEGKSCINRCFYVELIRGRKEETEVLWTSNSIVVFCGTSGTYGTGSWPDGADLNLMHT,H3,N2,0.23615601843047127
A/Laos/F0971/2021,H3N2,NA,2021-03-18,EPI1916473,MNPNQKIITIGSVSLTISTICFFMQIAILITTVTLHFKQYEFNSPPNNQVMLCEPTIIERNMTEIVYLTNTTIEKEICPKPAEYRNWSKPQCGITGFAPFSKDNSIRLSAGGDIWVTREPYVSCDLDKCYQFALGQGTTLNNVHSNNTVRDRTPYRTLLMNELGVPFHLGTKQVCIAWSSSSCHDGKAWLHVCITGDDKNATASFIYNGRLVDSVVSWSNDILRTQESECVCINGTCTVVMTDGNATGKADTKILFIEEGKIVHTSKLSGSAQHVEECSCYPRYPGVRCVCRDNWKGSNRPIIDINIKDHSIVSRYVCSGLVGDTPRKSDSSSSSHCLNPNNEKGDHGVKGWAFDDGNDVWMGRTINETSRLGYETFKVVEGWSNSKSKLQINRQVIVDRGDRSGYSGIFSVEGKSCINRCFYVELIRGRKEETEVLWTSNSIVVFCGTSGTYGTGSWPDGANLSLMHI,H3,N2,0.23633881610220847
A/Niger/9821/2021,H3N2,NA,2021-09-16,EPI1956276,MNPNQKIITIGSVSLTISTICFFMQIAILITTVTLHFKQYEFNSPPNNQVMLCEPTIVERNITEIVYLTNTTIEKEICPKPAEYRNWSKPQCGITGFAPFSKDNSIRLSAGGDIWVTREPYVSCDLDKCYQFALGQGTTLNNVHSNNTVRDRTPYRTLLMNELGVPFHLGTKQVCIAWSSSSCHDGKAWLHVCITGDDKNATASFIYNGRLVDSVVSWSNDILRTQESECVCINGTCTVVMTDGNATGKADTKILFIEEGKIIHTSKLSGSAQHVEECSCYPRYPGVRCVCRDNWKGSNRPIIDINIKDHSIVSSYVCSGLVGDTPRKSDSSSSSHCLNPNNEKGGHGVKGWAFDDGNDVWMGRTINETSRLGYETFKVVEGWSNPKSKLQINRQVIVDRGDRSGYSGIFSVEGKSCINRCFYVELIRGRKEETEVLWTSNSIVVFCGTSGTYGTGSWPDGADLNLMHI,H3,N2,0.23592943709075267
A/Niger/8892/2021,H3N2,NA,2021-02-04,EPI1960846,MNPNQKIITIGSVSLTISTICFFMQIAILITTVTLHFKQYEFNSPPNNQVMLCEPTIVERNITEIVYLTNTTIEKEICPKPAEYRNWSKPQCGITGFAPFSKDNSIRLSAGGDIWVTREPYVSCDLDKCYQFALGQGTTLNNVHSNNTVRDRTPYRTLLMNELGVPFHLGTKQVCIAWSSSSCHDGKAWLHVCITGDDKNATASFIYNGRLVDSVVSWSNDILRTQESECVCINGTCTVVMTDGNATGKADTKILFIEEGKIIHTSKLSGSAQHVEECSCYPRYPGVRCVCRDNWKGSNRPIIDINIKDHSIVSSYVCSGLVGDTPRKSDSSSRSHCLNPNNEKGGHGVKGWAFDDGNDVWMGRTINETSRLGYETFKVVEGWSNPKSKLQINRQVIVDRGDRSGYSGIFSVEGKSCINRCFYVELIRGRKEETEVLWTSNSIVVFCGTSGTYGTGSWPDGADLNLMHI,H3,N2,0.23592948567567984
A/Salalah/520266545/2020,H3N2,NA,2020-10-05,EPI1845849,MNPNQKIITIGSVSLTISTICFFMQIAILITTVTLHFKQYEFNSPPNNQVMLCEPTIIERNITEIVYLTNTTIEKEICPKPAEYRNWSKPQCGITGFAPFSKDNSIRLSAGGDIWVTREPYVSCDLDKCYQFALGQGTTLNNVHSNNTVRDRTPYRTLLMNELGVPFHLGTKQVCIAWSSSSCHDGKAWLHVCITGDDKNATASFIYNGRLVDSVVSWSNDILRTQESECVCINGTCTVVMTDGNATGKADTKILFIEEGKIVHTSKLSGSAQHVEECSCYPRYPSVRCVCRDNWKGSNRPIIDINIKDHSIVSRYVCSGLVGDTPRKSDSSSSSHCLNPNNEKGDHGVKGWAFDDGNDVWMGRTINETSRLGYETFKVVEGWSNPKSKLQINRQVIVDRGDRSGYSGIFSVEGKSCINRCFYVELIRGRKEETEVLWTSNSIVVFCGTSGTYGTGSWPDGANLSLMHI,H3,N2,0.23637070023932008
A/Kenya/GIHSN-HCL022159902501/2021,H3N2,NA,2021-03-23,EPI2467173,MNPNQKIITIGSVSLTISTICFFMQIAILITTVTLHFKQYEFNSPPNNQVMLCEPTIIERNMTEIVYLTNTTIEKEICPKPAEYRNWSKPQCGITGFAPFSKDNSIRLSAGGDIWVTREPYVSCDLDKCYQFALGQGTTLNNVHSNNTVRDRTPYRTLLMNELGVPFHLGTKQVCIAWSSSSCHDGKAWLHVCITGDDKNATASFIYNGRLVDSVVSWSNDILRTQESECVCINGTCTVVMTDGNATGKADTKILFIEEGKIIHTSKLSGSAQHVEECSCYPRYPGVRCVCRDNWKGSNRPIIDINIKDHSIVSRYVCSGLVGDTPRKSDSSSSSHCLNPNNEKGDHGVKGWAFDDGNDVWMGRTINETSRLGYETFKVVEGWSNPKSKLQINRQVIVDRGDRSGYSGIFSVEGKSCINRCFYVELIRGRKEETEVLWTSNSIVVFCGTSGTYGTGSWPDGANLSLMHT,H3,N2,0.23634763377295023
A/Guangdong/SF16348/2020,H9N2,NA,2020-10-12,EPI1841248,MNPNQKITAIGSVSLIIAIICLLMQIAILTTTLTLHFGQKECSNPLNNQVMPCEPIIIERNTVHLNSTTIEREICPKVAEYKNWSKPQCLITGFAPFSKDNSIRLSAGGDIWITREPYVSCSPYKCYQFALGQGTTLKNEHSNGTTHDRTPHRTLLMNELGVPFHLGTKQVCIAWSSSSCYDGKAWLHICVTGDDKNATASIIYDGMLVDSIGSWSKNILRTQESECVCINGTCAVVMTDGSASGVADTRVLFIREGKIINIRPLSGSAQHVEECSCYPRYPEIRCVCRDNWKGSNRPIIYINMADYSIESSYVCSGLVGDTPRNDDSSSSSNCRDPNNERGAPGVKGWAFDDGNDVWMGRTIKNGSRSGYETFRVINGWTIANSKSQINRQVIVDSDDWSGYSGIFSVEGKECINRCFYVELIRGRPREPRVWWTSNSIIVFCGTSGTYGTGSWPDGANINFMPI,H9,N2,0.32480540178004336
A/Zambia/0196/2021,H3N2,NA,2021-04-22,EPI2004717,MNPNQKIITIGSVSLTISTICFFMQIAILITTVTLHFKQYEFNSPPNNQVMLCEPTIIERNITEIVYLTNTTIEKEICPKPAEYRNWSKPQCGITGFAPFSKDNSIRLSAGGDIWVTREPYVSCDLDKCYQFALGQGTTLNNVHSNNTVRDRTPYRTLLMNELGVPFHLGTKQVCIAWSSSSCHDGKAWLHVCITGDDKNATASFIYNGRLVDSVVSWSNDILRTQESECVCINGTCTVVMTDGNATGKADTKILFIEEGKIIHTSKLSGSAQHVEECSCYPRYPGVRCVCRDNWKGSNRPIIDINIKDHSIVSSYVCSGLVGDTPRKSDSSSSSHCLHPNNEKGGHGVKGWAFDDGNDVWMGRTINETSRLGYETFKVVEGWSNPKSKLQINRQVIVDRSDRSGYSGIFSVEGKSCINRCFYVELIRGRKEETEVLWTSNSIVVFCGTSGTYGTGSWPDGADLNLMHI,H3,N2,0.23643731220485967
A/Ethiopia/4040/2021,H3N2,NA,2021-09-07,EPI1969659,MNPNQKIITIGSVSLTISTICFFMQIAILITTVTLHFKQYEFNSPPNNQVMLCEPTIIERNITEIVYLTNTTIEKEICPKPAEYRNWSKPQCGITGFAPFSKDNSIRLSAGGDIWVTREPYVSCDLDKCYQFALGQGTTLNNVHSNNTVRDRTPYRTLLMNELGVPFHLGTKQVCIAWSSSSCHDGKAWLHVCITGDDKNATASFIYNGRLVDSVVSWSNDILRTQESECVCINGTCTVVMTDGNATGKADTKILFIEEGKIIHTSKLSGSAQHVEECSCYPRYPGVRCVCRDNWKGSNRPIIDINIKDHSIVSSYVCSGLVGDTPRKSDSSSSSHCLNPNNEKGSHGVKGWAFDDGNDVWMGRTINETSRLGYETFKVVEGWSNPKSKLQINRQVIVDRGDRSGYSGIFSVEGKSCINRCFYVELIRGRKEETEVLWTSNSIVVFCGTSGTYGTGSWPDGADLNLMHI,H3,N2,0.23640472738991802
A/Lipetsk/9-2aV/2021,H3N2,NA,2021-08-26,EPI1916764,MNPNQKIITIGSVSLTISTICFFMQIAILITTVTLHFKQYEFNSPPNNQVMLCEPTIIERNITEIVYLTNTTIEKEICPKPAEYRNWSKPQCGITGFAPFSKDNSIRLSAGGDIWVTREPYVSCDLDKCYQFALGQGTTLNNVHSNNTVRDRTPYRTLLMNELGVPFHLGTKQVCIAWSSSSCHDGKAWLHVCITEDDKNATASFIYNGRLVDSVVSWSNDILRTQESECVCINGTCTVVMTDGNATGKADTKILFIEEGKIVHTSKLSGSAQHVEECSCYPRYPGVRCVCRDNWKGSNRPIIDINIKDHSIVSRYVCSGLVGDTPRKSDSSSSSHCLNPNNEKGGHGVKGWAFDDGNDVWMGRTINETSRLGYETFKVVEGWSNPKSKLQINRQVIVDRGDRSGYSGIFSVEGKSCINRCFYVELIRGRKEETEVLWTSNSIVVFCGTSGTYGTGSWPDGANLSLMHI,H3,N2,0.23639888671497844
A/Togo/827/2020,H3N2,NA,2020-10-02,EPI1842258,MNPNQKIITIGSVSLTISTICFFMQIAILITTVTLHFKQYEFNFPPNNQVMLCEPTIIERNITEIVYLTNTTIEKEICPKPAEYRNWSKPQCGITGFAPFSKDNSIRLSAGGDIWVTREPYVSCDLDKCYQFALGQGTTLNNVHSNNTVRDRTPYRTLLMNELGVPFHLGTKQVCIAWSSSSCHDGKAWLHVCITGDDKNATASFIYNGRLVDSVVSWSNDILRTQESECVCINGTCTVVMTDGNATGKADTKILFIEEGKIIHTSKLSGSAQHVEECSCYPRYPGVRCVCRDNWKGSNRPIIDINIKDHSIVSSYVCSGLVGDTPRKSDSSSSSHCLNPNNEKGGHGVKGWAFDDGNDVWMGRTINETSRLGYETFKVVEGWSNPKSKLQINRQVIVNRGDRSGYSGIFSVEGKSCINRCFYVELIRGRKEETEVLWTSNSIVVFCGTSGTYGTGSWPDGADLNLMHI,H3,N2,0.23604884182860214
A/Cameroon/16967/2020,H3N2,NA,2020-11-07,EPI1857108,MNPNQKIITIGSVSLTISTICFFMQIAILITTVTLHFKQYEFNSPPNNQVMLCEPTMIERNITEIVYLTNTTIEKEICPKPAEYRNWSKPQCGITGFAPFSKDNSIRLSAGGDIWVTREPYVSCDLDKCYQFALGQGTTLNNVHSNNTVRDRTPYRTLLMNELGVPFHLGTKQVCIAWSSSSCHDGKAWLHVCITGDDKNATASFIYNGRLVDSVVSWSNDILRTQESECVCINGTCTVVMTDGNATGKADTKILFIEEGKIIHTSKLSGSAQHVEECSCYPRYPGVRCVCRDNWKGSNRPIIDINIKDHSIVSSYVCSGLVGDTPRKSDSSSSSHCLNPNNEKGGHGVKGWAFDDGNDVWMGRTINETSRLGYETFKVVEGWSNPKSKLQINRQVIVDRGDRSGYSGIFSVEGKSCINRCFYVELIRGRKEETEVLWTSNSIVVFCGTSGTYGTGSWPDGADLNLMHI,H3,N2,0.23641433595659125
A/Bangladesh/1010007/2020,H3N2,NA,2020-10-07,EPI1842827,MNPNQKIITIGSVSLTISTICFFMQIAILITTVTLHFKQYEFNSPPNNQVMLCEPTIIERNITEIVYLTNTTIEKEICPKPAEYRNWSKPQCGITGFAPFSKDNSIRLSAGGDIWVTREPYVSCDLDKCYQFALGQGTTLNNVHSNNTVRDRTPYRTLLMNELGVPFHLGTKQVCIAWSSSSCHDGKAWLHVCITGDDKNATASFIYNGRLVDSVVSWSNDILRTQESECVCINGTCTVVMTDGNATGKADTKILFIEEGKIVHTSKLSGSAQHVEECSCYPRYPGVRCVCRDNWKGSNRPIIDINIKDHSIVSRYVCSGLVGDTPRKSDSSSSSHCLNPNNEKGNHGVKGWAFDDGNDVWMGRTINETSRLGYETFKVVEGWSNPKSKLQINRQVIVDRGDRSGYSGIFSVEGKSCINRCFYVELIRGRKEETEVLWTSNSIVVFCGTSGTYGTGSWPDGANLSLMHI,H3,N2,0.23641438222342231
A/Bangladesh/4006/2020,H3N2,NA,2020-10-18,EPI1842484,MNPNQKIITIGSVSLTISTICFFMQIAILITTVTLHFKQYEFNSPPNNQVMLCEPTIIERNITEIVYLTNTTIEKEICPKPAEYRNWSKPQCGITGFAPFSKDNSIRLSAGGDIWVTREPYVSCDIDKCYQFALGQGTTLNNVHSNNTVRDRTPYRTLLMNELGVPFHLGTKQVCIAWSSSSCHDGKAWLHVCITGDDKNATASFIYNGRLVDSVVSWSNDILRTQESECVCINGTCTVVMTDGNATGKADTKILFIEEGKIVHTSKLSGSAQHVEECSCYPRYPGVRCVCRDNWKGSNRPIIDINIKDHSIVSRYVCSGLVGDTPRKSDSSSSSHCLNPNNEKGDHGVKGWAFDDGNDVWMGRTINETSRLGYETFKVVEGWSNPKSKLQINRQVIVDRGDRSGYSGIFSVEGKSCINRCFYVELIRGRKEETEVLWTSNSIVVFCGTSGTYGTGSWPDGANLSLMHI,H3,N2,0.2363158122146096
A/Qatar/24-VI-21-3986733/2021,H3N2,NA,2021-08-11,EPI1889296,MNPNQKIITIGSVSLTISTICFFMQIAILITTVTLHFKQYEFNSPPNNQVMLCEPTIIERNITEIVYLTNTTIEKEICPKPAEYRNWSKPQCGITGFAPFSKDNSIRLSAGGDIWVTREPYVSCDLDKCYQFALGQGTTLNNVHSNNTVRDRTPYRTLLMNELGVPFHLGTKQVCIAWSSSSCHDGKAWLHVCITGDDKNATASFIYNGRLVDSVVSWSNDILRTQESECVCINGTCTVVMTDGNATGKADTKILFIEEGKIVHASKLSGSAQHVEECSCYPRYPGVRCVCRDNWKGSNRPIIDINIKDHSIVSRYVCSGLVGDTPRKSDSSSSSHCLNPNNEKGDHGVKGWAFDDGNDVWMGRTINETSRLGYETFKVVEGWSNPKSKLQINRQVIVDRGDRSGYSGIFSVEGKSCINRCFYVELIRGRKEETEVLWTSNSIVVFCGTSGTYGTGSWPDGANLSLMHI,H3,N2,0.23636073994070114
A/Netherlands/00008/2021,H3N2,NA,2021-09-08,EPI1918698,MNPNQKIITIGSVSLTISTICFFMQIAILITTVTLHFKQYEFNSPXNNQVMLCEPTIIERNITEIVYLTNTTIEKEICPKPAEYRNWSKPQCGITGFAPFSKDNSIRLSAGGDIWVTREPYVSCDLDKCYQFALGQGTTLNNVHSNNTVRDRTPYRTLLMNELGVPFHLGTKQVCIAWSSSSCHDGKAWLHVCITGDDKNATASFIYNGRLVDSVVSWSNDILRTQESECVCINGTCTVVMTDGNATGKADTKILFIEEGKIVHTSKLSGSAQHVEECSCYPRYPGVRCVCRDNWKGSNRPIIDINIKDHSIVSRYVCSGLVGDTPRKNDSSSSSHCLNPNNEKGDHGVKGWAFDDGNDVWMGRTINETSRLGYETFKVVEGWSNPKSKLQINRQVIVDRGDRSGYSGIFSVEGKSCINRCFYVELIRGRKEETEVLWTSNSIVVFCGTSGTYGTGSWPDGANLSLMHI,H3,N2,0.23626049533925042
A/Netherlands/00007/2021__SAN-012__(22/140),H3N2,NA,2021-08-02,EPI2112219,MNPNQKIITIGSVSLTISTICFFMQIAILITTVTLHFKQYEFNSPPNNQVMLCEPTIIERNITEIVYLTNTTIEKEICPKPAEYRNWSKPQCGITGFAPFSKDNSIRLSAGGDIWVTREPYVSCDLDKCYQFALGQGTTLNNVHSNNTVRDRTPYRTLLMNELGVPFHLGTKQVCIAWSSSSCHDGKAWLHVCITGDDKNATASFIYNGRLVDSVVSWSNDILRTQESECVCINGTCTVVMTDGNATGKADTKILFIKEGKIVHTSKLSGSAQHVEECSCYPRYPGVRCVCRDNWKGSNRPIIDINIKDHSIVSRYVCSGLVGDTPRKSDSSSSSHCLNPNNEKGGHGVKGWAFDDGNDVWMGRTINETSRLGYETFKVVEGWSNPKSKLQINRQVIVDRGDRSGYSGIFSVEGKSCINRCFYVELIRGRKEETEVLWTSNSIVVFCGTSGTYGTGSWPDGANLSLMHI,H3,N2,0.23638212269576675
A/Laos/694/2021,H3N2,NA,2021-02-24,EPI1861094,MNPNQKIITIGSVSLTISTICFFMQIAILITTVTLHFKQYEFNSPPNNQMMLCEPTIIERNMTEIVYLTNTTIEKEICPKPAEYRNWSKPQCGITGFAPFSKDNSIRLSAGGDIWVTREPYVSCDLDKCYQFALGQGTTLNNVHSNNTVRDRTPYRTLLMNELGVPFHLGTKQVCIAWSSSSCHDGKAWLHVCITGDDKNATASFIYNGRLVDSVVSWSNDILRTQESECVCINGTCTVVMTDGNATGKADTKILFIEEGKIVHTSKLSGSAQHVEECSCYPRYPGVRCVCRDNWKGSNRPIIDINIKDHSIVSRYVCSGLVGDTPRKSDSSSSSHCLNPNNEKGDHGVKGWAFDDGNDVWMGRTINETSRLGYETFKVVEGWSNPKSKLQIYRQVIVDRGDRSGYSGIFSVEGKSCINRCFYVELIRGRKEETEVLWTSNSIVVFCGTSGTYGTGSWPDGANLSLMHI,H3,N2,0.23637513723668516
A/Niger/8716/2021,H3N2,NA,2021-01-07,EPI1956212,MNPNQKIITIGSVSLTISTICFFMQIAILITTVTLHFKQYEFNSPPNNQVMLCEPTIVERNITEIVYLTNTTIEKEICPKPAEYRNWSKPQCSITGFAPFSKDNSIRLSAGGDIWVTREPYVSCDLDKCYQFALGQGTTLNNVHSNNTVRDRTPYRTLLMNELGVPFHLGTKQVCIAWSSSSCHDGKAWLHVCITGDDKNATASFIYNGRLVDSVVSWSNDILRTQESECVCINGTCTVVMTDGNATGKADTKILFIEEGKIIHTSKLSGSAQHVEECSCYPRYPGVRCVCRDNWKGSNRPIIDINIKDHSIVSSYVCSGLVGDTPRKSDSSSSSXCLNPNNEKGGHGVKGWAFDDGNDVWMGRTINETSRLGYETFKVVEGWSNPKSKLQINRQVIVDRGDRSGYSGIFSVEGKSCINRCFYVELIRGRKEETEVLWTSNSIVVFCGTSGTYGTGSWPDGADLNLMHI,H3,N2,0.23595918472295604
A/Togo/0991/2021,H3N2,NA,2021-09-24,EPI1970005,MNPNQKIITIGSVSLTISTICFFMQIAILITTVTLHFKQYEFNSPPNNQVILCEPTIIERNITEIVYLINTTIEKEICPKPVEYRNWSKPQCGITGFAPFSKDNSIRLSAGGDIWVTREPYVSCDLDKCYQFALGQGTTLNNVHSNNTVRDRTPYRTLLMNELGVPFXLGTKQVCIAWSSSSCHDGKAWLHVCITGDDKNATASFIYNGRLVDSVVSWSNDILRTQESECVCINGTCTVVMTDGNATGRADTKILFIEEGKIIHTSKLSGSAQHVEECSCYPRYPGVRCVCRDNWKGSNRPIIDINIKDHSIVSSYVCSGLVGDTPRRSDSSSSSHCLNPNNEKGGHGVKGWAFDDGNDVWMGRTINETSRLGYETFKVVEGWSNPKSKLQINRQVIVDRGDRSGYSGIFSVEGKSCINRCFYVELIRGRKEETEVLWTSNSIVVFCGTSGTYGTGSWPDGADLNLMHI,H3,N2,0.2357170308255081
A/Yekaterinburg/10-01V/2021,H3N2,NA,2021-08-24,EPI1919566,MNPNQKIITIGSVSLTISTICFFMQIAILITTVTLHFKQYEFNSPPNNQVMLCEPTIIERNITEIVYLTNTTIEKEICPKPAEYRNWSKPQCGITGFAPFSKDNSIRLSAGGDIWVTREPYVSCDLDKCYQFALGQGTTLNNVHSNNTVRDRTPYRTLLMNELGVPFHLGTKQVCIAWSSSSCHDGKAWLHVCITGDDKNATASFIYNGRLVDSVVSWSNDILRTQESECVCINGTCTVVMTDGNATGKADTKILFIEEGKIVHTSKLSGSAQHVEECSCYPRYPGVRCVCRDNWKGSNRPIIDINIKDHSIVSRYVCSGLVGDTPRKSDSSSSSHCLNPNNEKGDHGVKGWAFDDGNDVWMGRTINETSRLGYETFKVVEGWSNPKSKLQKNRQVIVDRGDRSGYSGIFSVEGKSCINRCFYVELIRGRKEETEVLWTSNSIVVFCGTSGTYGTGSWPDGANLSLMHI,H3,N2,0.2363756778693176
A/Qatar/24-VI-21-3942752/2021,H3N2,NA,2021-08-09,EPI1922230,MNPNQKIITIGSVSLTISTICFFMQIAILITTVTLHFKQYEFNPPPNNQVMLCEPTIIERNITEIVYLTNTTIEKEICPKPAEYRNWSKPQCGITGFAPFSKDNSIRLSAGGDIWVTREPYVSCDLDKCYQFALGQGTTLNNVHSNNTVRDRTPYRTLLMNELGVPFHLGTKQVCIAWSSSSCHDGKAWLHVCITGDDKNATASFIYNGRLVDSVVSWSNDILRTQESECVCINGTCTVVMTDGNATGKADTKILFIEEGKIVHTSKLSGSAQHVEECSCYPRYPGVRCVCRDNWKGSNRPIIDINIKDHSIVSRYVCSGLVGDTPRKSDSSSSSHCLNPNNEKGDHGVKGWAFDDGNDVWMGRTINETSRLGYETFKVVEGWSNPKSKLQINRQVIVDRGDRSGYSGIFSVEGKSCINRCFYVELIRGRKEETEVLWTSNSIVVFCGTSGTYGTGSWPDGANLSLMHI,H3,N2,0.23093081654875064
A/Manitoba/01/2021_(H1N2)v,H1N2,NA,2021-01-01,EPI1859138,MNPNQKIITIGSVSLIIAIICFLMQVAILLTTVTLHFRQHDCNSSPSNQVIFCEPTIIERNKTEIVYLTNTTVEKEVCPKPAEYRNWSKPQCNITGFAPFSKDNSIRLSAGGDIWVTREPYVSCDLDKCYQFALGQGTTLNNRHSNDTVHDRTPYRTLLMNELGVPFHLGTRQVCIAWSSSSCHDGKAWLHVCITGDDKNATASFIYNGRLVDSIGSWSKNILRTQESECVCINGTCTVVMTDGSASGKADTKILFIVEGKIIHVSKLSGSAQHVEECSCYPRYPGVRCVCRDNWKGSNRPIVDINAKDHSIVSSYVCSGLVGDTPRKSDSLSSSNCLNPNNEKGNHGVKGWAFDDEDDVWMGRTINETLRLGYETFKVIKGWSKSNSKLQINRQVIVEEGNRSGYSGIFSVEGKNCINRCFYVELIRGRKEETRVWWTSNSIVVFCGTSGTYGTGSWPDGADINLMPI,H1,N2,0.23559303874922893
A/Nepal/Npwr-05637/2021,H3N2,NA,2021-04-08,EPI1905804,MNPNQKIITIGSVSLTISTISFFMQIAILITTVTLHFKQYEFNSPPNNQVMLCEPTIIERNITEIVYLTNTTIEKEICPKPAEYRNWSKPQCGITGFAPFSKDNSIRLSAGGDIWVTREPYVSCDLDKCYQFALGQGTTLNNVHSNNTVRDRTPYRTLLMNELGVPFHLGTKQVCIAWSSSSCHDGKAWLHVCITGDDKNATASFIYNGRLVDSVVSWSNDILRTQESECVCINGTCTVVMTDGNATGKADTKILFIEEGKIVHTSKLSGSAQHVEECSCYPRYPGVRCVCRDNWKGSNRPIIDINIKDHSIVSRYVCSGLVGDTPRKNDSSSSSHCLNPNNEKGDHGVKGWAFDDGNDVWMGRTINETSRLGYETFKVVEGWSNPKSKLQINRQVIVDRGDRSGYSGIFSVEGKSCINRCFYVELIRGRKEETEVLWTSNSIVVFCGTSGTYGTGSWPDGANLSLMHI,H3,N2,0.2362604750889976
A/Cote_d'Ivoire/2732/2020,H3N2,NA,2020-11-18,EPI1846315,MNPNQKIITIGSVSLTISTICFFMQIAILIATVTLHFKQYEFNSPPNNQVMLCEPTIIERNITEIVYLTNTTIEKEICPKPAEYRNWSKPQCGITGFAPFSKDNSIRLSAGGDIWVTREPYVSCDLDKCYQFALGQGTTLNNVHSNNTVRDRTPYRTLLMNELGVPFHLGTKQVCIAWSSSSCHDGKAWLHVCITGDDKNATASFIYNGRLVDSVVSWSNDILRTQESECVCINGTCTVVMTDGNATGKADTKILFIEEGKIIHTSKLSGSAQHVEECSCYPRYPGVRCVCRDNWKGSNRPIIDINIKDHSIVSSYVCSGLVGDTPRKSDSSSSSHCLNPNNEKGDHGVKGWAFDDGNDVWMGRTINETSRLGYETFKVVEGWSNPKSKLQINRQVIVDRGDRSGYSGIFSVEGKSCINRCFYVELIRGRKEETEVLWTSNSIVVFCGTSGTYGTGSWPDGADLNLMHI,H3,N2,0.2363367970012008
A/Saudi_Arabia/VRG-138/2020,H3N2,NA,2020-12-25,EPI2201539,MNPNKKIITIGSVSLTISTICFFMQIAILITTVTLHFKQYEFNSPPNNQVMLCEPTIIERNITEIVYLTNTTIEKEICPKPAEYRNWSKPQCGITGFAPFSKDNSIRLSAGGDIWVTREPYVSCDLDKCYQFALGQGTTLNNVHSNNTVRDRTPYRTLLMNELGVPFHLGTKQVCIAWSSSSCHDGKAWLHVCITGDDKNATASFIYNGRLVDSVVSWSNDILRTQESECVCINGTCTVVMTDGNATGKADTKILFIEEGKIVHTSKLSGSAQHVEECSCYPRYPGVRCVCRDNWKGSNRPIIDINIKDHSIVSSYVCSGLVGDTPRKSDSSSSSHCLNPNNEKGGHGVKGWAFDDGNDVWMGRTINETSRLGYETFKVVEGWSNPKSKLQINRQVIVDRGDRSGYSGIFSVEGKSCINRCFYVELIRGRKEETEVLWTSNSIVVFCGTSGTYGTGSWPDGANLNLMPI,H3,N2,0.23644587979469647
A/England/211640706/2021,H3N2,NA,2021-04-18,EPI1924479,MNPNQKIITIGSVSLTISTICFFMQIAILITTVTLHFKQYEFNSPPNNQVMLCEPTIIERNITEVVYLTNTTIEKEICPKPAEYRNWSKPQCGITGFAPFSKDNSIRLSAGGDIWVTREPYVSCDLDKCYQFALGQGTTLNNVHSNNTVRDRTPYRTLLMNELGVPFHLGTKQVCIAWSSSSCHDGKAWLHVCITGDDKNATASFIYNGRLVDSVVSWSNDILRTQESECVCINGTCTVVMTDGNATGKADTKILFIEEGKIVHTSKLSGSAQHVEECSCYPRYPGVRCVCRDNWKGSNRPIIDINIKDHSIVSRYVCSGLVGDTPRKSDSSSSSHCLNPNNEKGDHGVKGWAFDDGNDVWMGRTINETSRLGYETFKVVEGWSNPKSKLQINRQVIVDRGDRSGYSGIFSVEGKSCINRCFYVELIRGRKEETEVLWTSNSIVVFCGTSGTYGTGSWPDGANLSLMHI,H3,N2,0.23637126675916392
A/Maldives/819/2021,H3N2,NA,2021-10-01,EPI2195000,MNPNQKIITIGSVSLTISTICFFMQIAILITTVTLHFKQYEFNSPPNNQMMLCEPTIIERNITEIVYLTNTTIEKEICPKPAEYRNWSKPQCGITGFAPFSKDNSIRLSAGGDIWVTREPYVSCDLDKCYQFALGQGTTLNNVHSNNTVRDRTPYRTLLMNELGVPFHLGTKQVCIAWSSSSCHDGKAWLHVCITGDDKNATASFIYNGRLXDSVVSWSNDILRTQESECVCINGTCTVVMTDGNATGKADTKILFIEEGKIVHTSKLSGSAQHVEECSCYPRYPGVRCVCRDNWKGSNRPIIDINIKDHSIVSRYVCSGLVGDTPRKNDSSSSSHCLNPNNEKGDHGVKGWAFDDGNDVWMGRTINETSRLGYETFKVVEGWSNPKSKLQINRQVIVDRGDRSGYSGIFSVEGKSCINRCFYVELIRGRKEETEVLWTSNSIVVFCGTSGTYGTGSWPDGANLSLMHT,H3,N2,0.23625859475142016
A/Guangxi-Fangcheng/11111/2021,H3N2,NA,2021-09-23,EPI2108376,MNPNQKIITIGSVSLTISTICFFMQIAILITTVTLHFKQYEFNSPPNNQVMLCEPTIIERNMTEIVYLTNTTIEKEICPKPAEYRNWSKPQCGITGFAPFSKDNSIRLSAGGDIWVTREPYVSCDLDKCYQFALGQGTTLNNVHSNNTVRDRTPYRTLLMNELGVPFHLGTKQVCIAWSSSSCHDGKAWLHVCITGDDKNATASFIYNGRLVDSVVSWSNNILRTQESECVCINGTCTVVMTDGNATGKADTKILFIEEGKIVHTSKLSGSAQHVEECSCYPRYPGVRCVCRDNWKGSNRPIIDINIKDHSIVSRYVCSGLVGDTPRKSDSSSSSHCLNPNNEKGDHGVKGWAFDDGNDVWMGRTINETSRLGYETFKVVEGWSNPKSKLQINRQVIVDRGDRSGYSGIFSVEGKSCINRCFYVELIRGRKEETEVLWTSNSIVVFCGTSGTYGTGSWPDGANLSLMHI,H3,N2,0.2363428118111726
A/India/PUN-NIV302100/2021,H3N2,NA,2021-04-12,EPI1905772,MNPNQKIITIGSVSLTISTICFFMQIAILITTVTLHFKQYEFNSPPNNQVMPCEPTIIERNITEIVYLTNTTIEKEICPKPVEYRNWSKPQCGITGFAPFSKDNSIRLSAGGDIWVTREPYVSCDLDKCYQFALGQGTTLNNVHSNNTVRDRTPYRTLLMNELGVPFHLGTKQVCIAWSSSSCHDGKAWLHVCITGDDKNATASFIYNGRLVDSVVSWSNDILRTQESECVCINGTCTVVMTDGNATGKADTKILFIEEGKIVHTSKLSGSAQHVEECSCYPRYPGVRCVCRDNWKGSNRPIIDINIKDHSIVSRYVCSGLVGDTPRKSDSSSSSHCLNPNNEKGDHGVKGWAFDDGNDVWMGRTINETSRLGYETFKVVEGWSNPKSKSQINRQVIVDRGDRSGYSGIFSVEGKSCINRCFYVELIRGRKEETEVLWTSNSIVVFCGTSGTYGTGSWPDGANLSLMHI,H3,N2,0.2362440180079882
A/Niger/8609/2020,H3N2,NA,2020-12-22,EPI1853539,MNPNQKIITIGSVSLTISTICFFMQIATLITTVTLHFKQYEFNSPPNNQVMLCEPTIVERNITEIVYLTNTTIEKEICPKPAEYRNWSKPQCGITGFAPFSKDNSIRLSAGGDIWVTREPYVSCDLDKCYQFALGQGTTLNNVHSNNTVRDRTPYRTLLMNELGVPFHLGTKQVCIAWSSSSCHDGKAWLHVCITGDDKNATASFIYNGRLVDSVVSWSNDILRTQESECVCINGTCTVVMTDGNATGKADTKILFIEEGKIIHTSKLSGSAQHVEECSCYPRYPGVRCVCRDNWKGSNRPIIDINIKDHSIVSSYVCSGLVGDTPRKSDSSSSSHCLNPNNEKGGHGVKGWAFDDGNDVWMGRTINETSRLGYETFKVVEGWSNPKSKLQINRQVIVDRGDRSGYSGIFSVEGKSCINRCFYVELIRGRKEETEVLWTSNSIVVFCGTSGTYGTGSWPDGADLNLMHI,H3,N2,0.235741102794715
A/Paris/28742/2021,H3N2,NA,2021-09-29,EPI1955274,MNPNQKIITIGSVSLTISIICFFMQIAILITTVTLHFKQYEFNSPPNNQVMLCEPTIIERNITEIVYLTNTTIEKEICPKPAEYRNWSKPQCGITGFAPFSKDNSIRLSAGGDIWVTREPYVSCDLDKCYQFALGQGTTLNNVHSNNTVRDRTPYRTLLMNELGVPFHLGTKQVCIAWSSSSCHDGKAWLHVCITGDDKNATASFIYNGRLVDSVVSWSNDILRTQESECVCINGTCTVVMTDGNATGKADTKILFIEEGKIVHTSKLSGSAQHVEECSCYPRYPGVRCVCRDNWKGSNRPIIDINIKDHSIVSRYVCSGLVGDTPRKNDSSSSSHCLNPNNEKGDHGVKGWAFDDGNDVWMGRTINETSRLGYETFKVVEGWSNPKSKLQINRQVIVDRGDRSGYSGIFSVEGKSCINRCFYVELIRGRKEETEVLWTSNSIVVFCGTSGTYGTGSWPDGANLSLMHI,H3,N2,0.23625884050968046
A/Nepal/21FL2864/2021,H3N2,NA,2021-08-25,EPI2097859,MNPNQKIITIGSVSLTISTICFFMQIAILITTVTLHFKQYEFNSPPNNQVMLCEPTVIERNITEIVYLTNTTIEKEICPKPAEYRNWSKPQCGITGFAPFSKDNSIRLSAGGDIWVTREPYVSCDLDKCYQFALGQGTTLNNVHSNNTVRDRTPYRTLLMNELGVPFHLGTKQVCIAWSSSSCHDGKAWLHVCXTGDDKNATASFIYNGRLVDSVVSWSNDILRTQESECVCINGTCTVVMTDGNATGKADTKILFIEEGKIVHTSKLSGSAQHVEECSCYPRXPGVRCVXRDNWKGSNRPIIDINIKDHSIVSRYVCSGLVGDTPRKNDSSSSSHCLNPNNEKGDHGVKGWAFDDGNDVWMGRTINETSRLGYETFKVVEGWSNPKSKLQINRQVIVDRGDRSGYSGIFSVEGKSCINRCFYVELIRGRKEETEVLWTSNSIVVFCGTSGTYGTGSWPDGANLSLMHI,H3,N2,0.2361897026027842
A/Laos/941/2021,H3N2,NA,2021-03-17,EPI1921719,MNPNQKIITIGSVSLTISTICFFMQIAILITTVTLHFKQYEFNSPPNNQVMLCEPTIIERNMTEIVYLTNTTIEKEICPKPAEYRNWSKPQCGITGFAPFSKDNSIRLSAGGDIWVTREPYVSCDLDKCYQFALGQGTTLNNVHSNNTVRDRTPYRTLLMNELGVPFHLGTKQVCIAWSSSSCHDGKAWLHVCITGDDKNATASFIYNGRLVDSVVSWSNDILRTQESECVCINGTCTVVMTDGNATGKADTKILFIEEGKIVHTSKLSGSAQHVEECSCYPRYPGVRCVCRDNWKGSNRPIIDINIKDHSIVSRYVCSGLVGDTPRKSDSSSSSHCLNPNNEKGDHGVKGWAFDDGNDVWMGRTINETSRLGYETFKVVEGWSNPKSKLQINRQVIVDRGDRSGYSGIFSVEGKSCINRCFYVELIRGRKEETEVLWTSNSIVVFCGTSGSYGTGSWPDGANLSLMHI,H3,N2,0.23638337346620406
A/Stockholm/7/2021,H3N2,NA,2021-08-06,EPI1887975,MNPNQKIITIGSVSLTISTICFFMQIAILITTVTLHFKQYEFNSPPNNQVMLCEPTIIERNITEIVYLTNTTIEKEICPKPAEYRNWTKPQCGITGFAPFSKDNSIRLSAGGDIWVTREPYVSCDLDKCYQFALGQGTTLNNVHSNNTVRDRTPYRTLLMNELGVPFHLGTKQVCIAWSSSSCYDGKAWLHVCITGDDKNATASFIYNGRLVDSVVSWSNDILRTQESECVCINGTCTVVMTDGNATGKADTKILFIEEGKIIHTSKLSGSAQHVEECSCYPRYPGVRCVCRDNWKGSNRPIIDINIKDHSIVSSYVCSGLVGDTPRKSDSSSSSHCLHPNNEKGGHGVKGWAFDDGNDVWMGRTINETSRLGYETFKVVEGWSNPKSKLQINRQVIVDRGDRSGYSGIFSVEGKSCINRCFYVELIRGRKEETEVLWTSNSIVVFCGTSGTYGTGSWPDGADLNLMHI,H3,N2,0.23609945733738255
A/Zambia/0146/2021,H3N2,NA,2021-06-28,EPI2004759,MNPNQKIITIGSVSLTISTICFFMQIAILITTVTLHFKQYEFNSPPNNQVMLCEPTIIERNITEIVYLTNTTIEKEICPKPAEYRNWSKPQCGITGFAPFSKDNSIRLSAGGDIWVTREPYVSCDLDKCYQFALGQGTTLNNVHSNNTVRDRTPYRTLLMNELGVPFHLGTKQVCIAWSSSSCYDGKAWLHVCITGDDKNATASFIYNGRLVDSVVXWSNDILRTQESECVCINGTCTVVMTDGNATGKADTKILFIEEGKIIHTSKLSGSAQHVEECSCYPRYPGVRCVCRDNWKGSNRPIIDINIKDHSIVSSYVCSGLVGDTPRKSDSSSSSHCLHPNNEKGGHGVKGWAFDDGNDVWMGRTINETSRLGYETFKVVEGWSNPKSKLQINRQVIVDRGDRSGYSGIFSVEGKSCINRCFYVELIRGRKEETEVLWTSNSIVVFCGTSGTYGTGSWPDGADLNLMHI,H3,N2,0.23608632349841158
A/Nepal/21FL2700/2021,H3N2,NA,2021-08-11,EPI1922821,MNPNQKIITIGSVSLTISTICFFMQIAILITTVTLHFKQYEFNSPPNNQVMLCEPTIIERNITXIVYLTNTTIEKEICPKPAEYRNWSKPQCGITGFAPFSKDNSIRLSAGGDIWVTREPYVSCDLDKCYQFALGQGTTLNNVHSNNTVRDRTPYRTLLMNELGVPFHLGTKQVCIAWSSSSCHDGKAWLHVCITGDDKNATASFIYNGRLVDSVVSWSNDILRTQESECVCINGTCTVVMTDGNATGKADTKILFIEEGKIVHTSKLSGSAQHVEECSCYPRYPGVRCVCRDNWKGSNRPIIDINIKDHSIVSRYVCSGLVGDTPRKSDSSSSSHCLNPNNEKGDHGVKGWAFDDGNDVWMGRTINETSRLGYETFKVVEGWSNPKSKLQINRQVIVDRGDRSGYSGIFSVEGKSCINRCFYVELIRGRKEETEVLWTSNSIVVFCGTSGTYGTGSWPDGANLSLMHT,H3,N2,0.23633923134648516
A/New_York/02/2021,H3N2,NA,2021-07-17,EPI1940307,MNPNQKIITIGSVSLTISTICFFMQIAILITTVTLHFKQYEFNSPPNNQVMLCEPTIIERNKTEIVYLTNTTIEKEICPKPAEYRNWSKPQCGITGFAPFSKDNSIRLSAGGDIWVTREPYVSCDLDKCYQFALGQGTTLNNVHSNNTVRDRTPYRTLLMNELGVPFHLGTKQVCIAWSSSSCHDGKAWLHVCITGDDKNATASFIYNGKLVDSVVSWSNDILRTQESECVCINGTCTVVMTDGNATGKADTKILFIEEGKIVHTSKLSGSAQHVEECSCYPRYPGVRCVCRDNWKGSNRPIIDINIKDHSIVSRYVCSGLVGDTPRKSDSSSSSHCLNPNNEKGDHGVKGWAFDDGNDVWMGRTINETSRLGYETFKVVEGWSNPKSKLQTNRQVIVDRGDRSGYSGIFSVEGKSCINRCFYVELIRGRKEETEVLWTSNSIVVFCGTSGTYGTGSWPDGANLSLMHI,H3,N2,0.23641324677635503
A/Qatar/16-VI-21-3999123/2021,H3N2,NA,2021-08-12,EPI1889278,MNPNQKIITIGSVSLTISTICFFMQIAILITTVTLHFKQYEFNSPPNNQVMLCEPTIIERNITEIVYLTNTTIEKEICPKPAEYRNWSKPQCGITGFAPFSKDNSIRLSAGGDIWVTREPYVSCDLDKCYQFALGQGTTLNNVHSNNTVRDRTPYRTLLMNELGVPFHLGTKQVCIAWSSSSCHDGKAWLHVCITGDXKNATASFIYNGRLVDSVVSWSNDILRTQESECVCINGTCTVVMTDGNATGKADTKILFIEEGKIVHTSKLSGSAQHVEECSCYPRYPGVRCVCRDNWKGSNRPIIDINIKDHSIVSRYVCSGLVGDTPRKSDSSSSSHCLNPNNEKGDHGVKGWAFDDGNDVWMGRTINETSRLGYETFKVVEGWSNPKSKLQINRQVIVDRGDRSGYSGIFSVEGKSCINRCFYVELIRGRKEETEVLWTSNSIVVFCGTSGTYGTGSWPDGANLSLMHI,H3,N2,0.23635392689801107
A/Kenya/109/2021,H3N2,NA,2021-02-15,EPI1881975,MNPNQKIITIGSVSLTISTICFFMQIAILITTVTLHFKQYEFNSPPNNQVMLCEPTIIERNMTEIVYLTNTTIEKEICPKPAEYRNWSKPQCGITGFAPFSKDNSIRLSAGGDIWVTREPYVSCDLDKCYQFALGQGTTLNNVHSNNTVRDRTPYRTLLMNELGVPFHLGTKQVCIAWSSSSCHDGKAWLHVCITGDDKNATASFIYNGRLVDSVVSWSNDILRTQESECVCINGTCTVVMTDGNATGKADTKILFIEEGKIVHTSKLSGSAQHVEECSCYPRYPGVRCVCRDNWKGSNRPIIDINIKDHSIVSRYVCSGLVGDTPRKSDSSSSSHCLNPNNEKGYHGVKGWAFDDGNDVWMGRTINETSRLGYETFKVVEGWSNPKSKLQINRQVIVDRGDRSGYSGIFSVEGKSCINRCFYVELIRGRKEETEVLWTSNSIVVFCGTSGTYGTGSWPDGANLSLMHT,H3,N2,0.23640290095529515
A/Qatar/24-VI-21-3942034/2021,H3N2,NA,2021-08-09,EPI1922228,MNPNQKIITIGSVSLTISTICFLMQIAILITTVTLHFKQYEFNSPPNNQVMLCEPTIIERNITEIVYLTNTTIEKEICPKPAEYRNWSKPQCGITGFAPFSKDNSIRLSAGGDIWVTREPYVSCDLDKCYQFALGQGTTLNNVHSNNTVRDRTPYRTLLMNELGVPFHLGTKQVCIAWSSSSCHDGKAWLHVCITGDDKNATASFIYNGRLVDSVVSWSNDILRTQESECVCINGTCTVVMTDGNATGKADTKILFIEEGKIVHTSKLSGSAQHVEECSCYPRYPGVRCVCRDNWKGSNRPIIDINIKDHSIVSRYVCSGLVGDTPRKSDSSSSSHCLNPNNEKGDHGVKGWAFDDGNDVWMGRTINETSRLGYETFKVVEGWSNPKSKLQINRQVIVDRGDRSGYSGIFSVEGKSCINRCFYVELIRGRKEETEVLWTSNSIVVFCGTSGTYGTGSWPDGANLSLMHI,H3,N2,0.23637018858457326
A/Ethiopia/4055/2021,H3N2,NA,2021-09-29,EPI1969579,MNPNQKIITIGSVSLTISTICFFMQIAILITTVTLHFKQYEFNSPPNNQVMLCEPTIIERNITEIVYLTNTTIEKEICPKPAEYRNWSKPQCGITGFAPFSKDNSIRLSAGGDIWVTREPYVSCDLDKCYQFALGQGTTLNNVHSNNTARDRTPYRTLLMNELGVPFHLGTKQVCIAWSSSSCHDGKAWLHVCITGDDKNATASFIYNGRLVDSVVSWSNDILRTQESECVCINGTCTVVMTDGNATGKADTKILFIEEGKIIHTSKLSGSAQHVEECSCYPRYPGVRCVCRDNWKGSNRPIIDINIKDHSIVSSYVCSGLVGDTPRKSDSSSSSHCLNPNNEKGGHGVKGWAFDDGNDVWMGRTINETSRLGYETFKVVEGWFNPKSKLQINRQVIVDRGDRSGYSGIFSVEGKSCINRCFYVELIRGRKEETEVLWTSNSIVVFCGTSGTYGTGSWPDGADLNLMHI,H3,N2,0.23686331432672852
A/Sichuan-Xichang/1619/2020,H9N2,NA,2020-11-30,EPI1848153,MNPNQKITAIGSVSLIIAIICLLMQIAILTTTMTLHFGQKECSNPSNNQVVPCEPIIIERNTVHLNSTTIEREICPKVAEYKNWSKPQCLITGFAPFSKDNSIRLSASGDIWVTREPYVSCSPDKCYQFALGQGTTLKNKHSNGTTHDRTPYRTLLMNELGVPFHLGTKQVCIAWSSSSCYDGKAWLHICVTGDDQNATASIIYDGMLVDSIGSWSKNILRTQESECVCINGTCAVVMTDGSASGVADTRVLFIREGKIINIRPVSGSAQHVEECSCYPRYPEIRCVCRDNWKGSNRPIIYINMADYSIESSYVCSGLVGDTPRNDDSSSSSNCRDPNNERGAPGVKGWAFDDGDDVWMGRTIKNGSRSGYETFRVINGWTVANSKSQISRQVIVDSNDWSGYSGIFSVEGKECINRCFYVELIRGRPQEPRVWWTSNSIIVFCGTSGTYGTGSWPDGADINFMPI,H9,N2,0.3257537216457559
A/Kenya/150/2021,H3N2,NA,2021-09-13,EPI1940929,MNPNQKIITIGSVSLTISTICFFMQIAILITTVTLHFKQYEFNSPPNNQVMLCEPTIIERNITEIVYLTNTTIEKETCPKPAEYRNWSKPQCDITGFAPFSKDNSIRLSAGGDIWVTREPYVSCDLDKCYQFALGQGTTLNNVHSNNTVRDRTPYRTLLMNELGVPFHLGTKQVCIAWSSSSCYDGKAWLHVCITGDDKNATASFIYNGRLVDSVVSWSNDILRTQESECVCINGTCTVVMTDGNATGKADTKILFIEEGKIVHTSKLSGSAQHVEECSCYPRYPGVRCVCRDNWKGSNRPIIDINIKDHSIVSSYVCSGLVGDTPRKSDSSSSSHCLNPNNEKGGHGVKGWAFDDGNDVWMGRTINETSRLGYETFKVVEGWSNPKSKLQINRQVIVDRGDRSGYSGIFSVEGKSCINRCFYVELIRGRKEETEVLWTSNSIVVFCGTSGTYGTGSWPDGADLNLMHT,H3,N2,0.23615887806552704
A/Nepal/21FL2288/2021,H3N2,NA,2021-08-01,EPI1922677,MNPNQKIITIGSVSLTISTICFFMQIAILITTVTLHFKQYEFNSPPNNQVMLCEPTIIERNITEIVYLTNTTIEKEICPKPAEYRNWSKPQCGITGFAPFSKDNSIRLSAGGDIWVTREPYVSCDLDKCYQFALGQGTTLNNVHSNNTVRDRTPYRTLLMNELGVPFHLGTKQVCIAWSSSSCHDGKAWLHVCITGDDKNATASFIYNGRLVDSVVSWSNDILRTQESECICINGTCTVVMTDGNATGKADTKILFIEEGKIVHISKLSGSAQHVEECSCYPRYPGVRCVCRDNWKGSNRPIIDINIKDHSIVSRYVCSGLVGDTPRKSDSSSSSHCLNPNNEKGDHGVKGWAFDDGNDVWMGRTINETSRLGYETFKVVEGWSNPKSKLQINRQVIVDRGDRSGYSGIFSVEGKSCINRCFYVELIRGRKEETEVLWTSNSIVVFCGTSGTYGTGSWPDGANLSLMHV,H3,N2,0.23521331162866935
A/Ethiopia/0433/2021,H3N2,NA,2021-09-06,EPI1969622,MNPNQKIITIGSVSLTISTICFFMQIAILITTVTLHFKQYEFNSPPNNQVMLCEPTIIERNITEIVYLTNTTIEKEICPKPAEYRNWSKPQCDITGFAPFSKDNSIRLSAGGDIWVTREPYVSCDLDKCYQFALGQGTTLNNVHSNNTVRDRTPYRTLLMNELGVPFHLGTKQVCIAWSSSSCHDGKAWLHVCITGDDKNATASFIYNGRLVDSVVSWSNDILRTQESECVCINGTCTVVMTDGNATGKADTKILFIEEGKIVHTSKLSGSAQHVEECSCYPRYPGVRCVCRDNWKGSNRPIIDINIKDHSIVSRYVCSGLVGDTPRKNDSSSSSHCLNPNNEKGSHGVKGWAFDDGNDVWMGRTINETSRLGYETFKVVEGWSNPKSKLRTNRQVIVDRGDRSGYSGIFSVEGKSCINRCFYVELIRGRKEETEVLWTSNSIVVFCGTSGTYGTGSWPDGADLNLMHT,H3,N2,0.23637755881292616
A/Togo/0890/2021,H3N2,NA,2021-09-09,EPI1969909,MNPNQKIITIGSVSLTISTICFFMQIAILITTVTLHFKQYEFNSPPNNQVILCEPTIIERNITEIVYLTNTTIEKEICPKPVEYRNWSKPQCGITGFAPFSKDNSIRLSAGGDIWVTREPYVSCDLDKCYQFALGQGTTLNNVHSNNTVRDRTPYRTLLMNELGVPFHLGTKQVCIAWSSSSCHDGKAWLHVCITGDDKNATASFIYNGRLVDSVVSWSNDILRTQESECVCINGTCTVVMTDGNATGRADTKILFIEEGKIIHTSKLSGSAQHVEECSCYPRYPGVRCVCRDNWKGSNRPIIDINIKDHSIVSSYVCSGLVGDTPRKNDSSSSSHCLNPNNEKGGHGVKGWAFDDGNDVWMGRTINETSRLGYETFKVVEGWSNPKSKLQINRQVIVDRGDRSGYSGIFSVEGKSCINRCFYVELIRGRKEETEVLWTSNSIVVFCGTSGTYGTGSWPDGADLNLMHI,H3,N2,0.23561980566496982
A/Qatar/24-VI-21-3980766/2021,H3N2,NA,2021-08-11,EPI1889292,MNPNQKIITIGSVSLTISTICFFMQIAILITTVTLHFKQYEFNSPPNNQVMLCEPTIIERNITEIVYLTNTTIEKEICPKPAEYRNWSKPQCGITGFAPFSKDNSIRLSAGGDIWVTREPYVSCDLDKCYQFALGQGTTLNNVHSNNTVRDRTPYRTLLMNELGVPFHLGTKQVCIAWSSSSCHDGKAWLHVCITGDDKNATASFIYNGRLVDSVVSWSNDILRTQESECVCINGTCTVVMTDGNATGKADTKILFIEEGKIXHTSKLSGSAQHVEECSCYPRYPGVRCVCRDNWKGSNRPIIDINIKDHSIVSRYVCSGLVGDTPRKSDSSSSSHCLNPNNEKGDHGVKGWAFDDGNDVWMGRTINETSRLGYETFKVVEGWSNPKSKLQINRQVIVDRGDRSGYSGIFSVEGKSCINRCFYVELIRGRKEETEVLWTSNSIVVFCGTSGTYGTGSWPDGANLSLMHI,H3,N2,0.23644897353965938
A/Uganda/03/2021,H3N2,NA,2021-05-01,EPI2103477,MNPNQKIITIGSVSLTISTICFFMQIAILITTVTLHFKQYEFNSPPNNQVMLCEPTIIERNITEIVYLTNTTIEKEICPKPAEYRNWSKPQCGITGFAPFSKDNSIRLSAGGDIWVTREPYVSCDLDKCYQFALGQGTTLNNVHSNNTVRDRTPYRTLLMNELGVPFHLGTKQVCIAWSSSSCHDGKAWLHVCITGDDKNATASFIYNGRLVDSVVSWSNDILRTQESECVCINGTCTVVMTDGNATGKADTKILFIEEGKIIHTSKLSGSAQHVEECSCYPRYPGVRCVCRDNWKGSNRPIIDINIKDHSIVSSYVCSGLVGDTPXKSDSSSSSHCLHPNNEKGGHGVKGWAFDDGNDVWMGRTINETSRLGYETFKVVEGWSNSKSKLQINRQVIVDRGDRSGYSGIFSVEGKSCINRCFYVELIRGRKEETEVLWTSNSIVVFCGTSGTYGTGSWPDGADLNLMHI,H3,N2,0.23637537696662592
A/Uganda/09/2021,H3N2,NA,2021-07-01,EPI2103534,MNPNQKIITIGSVSLTISTICFFMQIAILITTVTLHFKQCEFNSPPNNQVMLCEPTIIERNITEIVYLTNTTIEKEICPKPAEYRNWSKPQCGITGFAPFSKDNSIRLSAGGDIWVTREPYVSCDLDKCYQFALGQGTTLNNVHSNNTVRDRTPYRTLLMNELGVPFHLGTKQVCIAWSSSSCHDGKAWLHVCITGDDKNATASFIYNGRLVDSVVSWSNDILRTQESECVCINGTCTVVMTDGNATGKADTKILFIEEGKIIHTSKLSGSAQHVEECSCYPRYPGVRCVCRDNWKGSNRPIIDINIKDHSIVSSYVCSGLVGDTPXKSDSSSSSHCLHPNNEKGGHGVKGWAFDDGNDVWMGRTINETSRLGYETFKVVEGWSNSKSKLQINRQVIVDRGDRSGYSGIFSVEGKSCINRCFYVELIRGRKEETEVLWTSNSIVVFCGTSGTYGTGSWPDGADLNLMHI,H3,N2,0.236375778995257
A/Qatar/24-VI-21-4041206/2021,H3N2,NA,2021-08-13,EPI1889300,MNPNQKIITIGSVSLTISTICFFMQIAILITTVTLHFKQYEFNSPPNNQVMLCEPTIIERNITEIVYLTNTTIEKEICPKPAEYRNWSKPQCGITGFAPFSKDNSIRLSAGGDIXVTREPYVSCDLDKCYQFALGQGTTLNNVHSNNTVRDRTPYRTLLMNELGVPFHLGTKQVCIAWSSSSCHDGKAWLHVCITGDDKNATASFIYNGRLVDSVVSWSNDILRTQESECVCINGTCTVVMTDGNATGKADTKILFIEEGKIVHTSKLSGSAQHVEECSCYPRYPGVRCVCRDNWKGSNRPIIDINIKDHSIVSRYVCSGLVGDTPRKSDSSSSSHCLNPNNEKGDHGVKGWAFDDGNDVWMGRTINETSRLGYETFKVVEGWSNPKSKLQINRQVIVDRGDRSGYSGIFSVEGKSCINRCFYVELIRGRKEETEVLWTSNSIVVFCGTSGTYGTGSWPDGANLSLMHI,H3,N2,0.23637018858457326
A/Kenya/GIHSN-HCL022159988801/2021,H3N2,NA,2021-09-23,EPI2250878,MNPNQKIITIGSVSLTISTICFFMQIAILITTVTLHFKQYEFNSPPNNQVMLCEPTIIERNITEIVYLTNTTIEKEICPKPAEYRNWSKPQCDITGFAPFSKDNSIRLSAGGDIWVTREPYVSCDLDKCYQFALGQGTTLNNVHSNNTVRDRTPYRTLLMNELGVPFHLGTKQVCIAWSSSSCHDGKAWLHVCITGDDKNATASFIYNGRLVDSVVSWSNDVLRTQESECVCINGTCTVVMTDGNATGKADTKILFIEEGKIVHTSKLSGSAQHVEECSCYPRYPGVRCVCRDNWKGSNRPIIDINIKDHSIVSSYVCSGLVGDTPRKSDSSSSSHCLNPNNEKGGHGVKGWAFDDGNDVWMGRTINETSRLGYETFKVVEGWSNPKSKLQINRQVIVDRGDRSGYSGIFSVEGKSCINRCFYVELIRGRKEETEVLWTSNSIVVFCGTSGTYGTGSWPDGADLNLMHT,H3,N2,0.23646086798073152
A/Bangladesh/4005/2020,H3N2,NA,2020-10-04,EPI1838302,MNPNQKIITIGSVSLTISTICFFMQIAILITTVTLHFKQYEFNSPPNNQVMLCEPTIIERNITEIVYLTNTTIEKEICPKPAEYRNWSKPQCGITGFAPFSKDNSIRLSAGGDIWVTREXYVSCDLDKCYQFALGQGTTLNNVHSNNTVRDRTPYRTLLMNELGVPFHLGTKQVCIAWSSSSCHDGKAWLHVCITGDDKNATASFIYNGRLVDSVVSWSNDILRTQESECVCINGTCTVVMTDGNATGKADTKILFIEEGKIVHTSKLSGSAQHVEECSCYPRYPGVRCVCRDNWKGSNRPIIDINIKDHSIVSRYVCSGLVGDTPRKSDSSSSSHCLNPNNEKGDHGVKGWAFDDGNDVWMGRTINETSRLGYETFKVVEGWSNPKSKLQINRQVIVDRGDRSGYSGIFSVEGKSCINRCFYVELIRGRKEETEVLWTSNSIVVFCGTSGTYGTGSWPDGANLSLMHI,H3,N2,0.23637018845578037
A/Togo/0377/2021,H3N2,NA,2021-04-01,EPI1877159,MNPNQKIITIGSVSLTISTICFFMQIAILITTVTLHFKQYEFNSPPNNQVMLCEPTIIERNITEIVYLTNTTIEKEICPKPAEYRNWSKPQCGITGFAPFSKDNSVRLSAGGDIWVTREPYVSCDLDKCYQFALGQGTTLNNVHSNNTVRDRTPYRTLLMNELGVPFHLGTKQVCIAWSSSSCHDGKAWLHVCITGDDKNATASFIYNGRLVDSVVSWSNDILRTQESECVCINGTCTVVMTDGNATGKADTKILFIEEGKIIHTSKLSGSAQHVEECSCYPRYPGVRCVCRDNWKGSNRPIIDINIKDHSIVSSYVCSGLVGDTPRKSDSSSSSHCLDPNNEKGGHGVKGWAFDDGNDVWMGRTINETSRLGYETFKVVEGWSNPKSKLQINRQVIVDRGDRSGYSGIFSVEGKSCINRCFYVELIRGRKEETEVLWTSNSIVVFCGTSGTYGTGSWPDGADLNLMHI,H3,N2,0.2364387234359068
A/Guangdong/00470/2021,H9N2,NA,2021-02-02,EPI1884665,MNPNQKITAIGSVSLIIAIICLLMQIAILTTTMTLHFGQKECSNPSNNQVMPCEPIIIERNTVHLNSTIIEREICPKVAEYKKWTKPQCLITGFAPFSKDNSIRLSAGGDIWVTREPYVSCSPDKCYQFALGQGTTLKNEHSNGTTHDRTPHRTLLMNELGVPFHLGTKQVCIAWSSSSCHDGKAWLHICVTGDDKNATASIIYDGMLVDSIGSWYKNILRTQESECVCINGTCAVVMTDGSASGVADTRVLFIREGKIINIRPLSGSAQHVEECSCYPRYPEIRCVCRDNWKGSNRPIIYINMADYSIDSSYVCSGLVGDTPRNDDSSSSSNCRDPNNEKGNPGVKGWAFDDGNDVWMGRTIKNSSRSGYETFRVINGWTMANSKLQTNRQVIVDSDNWSGYSGIFSVEGKECINRCFYVELIRGRPQEPRVWWTSNSIIAFCGTSGTYGTGSWPDGANINFMPI,H9,N2,0.3341995900754538
A/Kenya/GIHSN-HCL022161345801/2021,H3N2,NA,2021-09-02,EPI2251221,MNPNQKIITIGSVSLTISTICFFMQIAILITTVTLHFKQYEFNSPPNNQVMLCEPTIIERNITEIVYLTNTTIEKEICPKPAEYRNWSKPQCDITGFAPFSKDNSIRLSAGGDIWVTREPYVSCDLDKCYQFALGQGTTLNNVHSNNTVRDRTPYRTLLMNELGVPFHLGTKQVCIAWSSSSCYDGKAWLHVCITGDDKNATASFIYNGRLVDSVVSWSNDILRTQESECVCINGTCTVVMTDGNATGKADTKILFIEEGKIVHTSKLSGSAQHVEECSCYPRYPGVRCVCRDNWKGSNRPIIDINIKDHSIVSSYVCSGLVGDTPRKSDSSSSSHCLNPNNEKGGHGVKGWAFDDGNDVWMGRTINETSRLGYETFKVVEGWSNPKSKLQINRQVIVDRGDRSGYSGIFSVEGKSCINRCFYVELIRGRKEETEVLWTSNSIVVFCGTSGTYGTGSWPDGADLNLMHT,H3,N2,0.236140391802504
A/Bangladesh/9019/2021,H3N2,NA,2021-09-20,EPI1969594,MNPNQKIITIGSVSLTISTICFFMQIAILITTVTLHFKQYEFNSPPNNQVMLCEPTIIERNITEIVYLTNTTIEKEICPKPAEYRNWSKPQCGITGFAPFSKDNSIRLSAGGDIWVTREPYVSCDLDKCYQFALGQGTTLSNVHSNNTVRDRTPYRTLLMNELGVPFHLGTKQVCIAWSSSSCHDGKAWLHVCITGDDKNATASFIYNGRLVDSVVSWSNDILRTQESECVCINGTCTVVMTDGNATGKADTKILFIEEGKIVHTSKLSGSAQHVEECSCYPRYPGVRCVCRDNWKGSNRPIIDINIKDHSIVSRYVCSGLVGDTPRKNDSSSSSHCLNPNNEKGDHGVKGWAFDDGNDVWMGRTINETSRLGYETFKVIEGWSNPKSKLQISRQVIVDRGDRSGYSGIFSVEGKSCINRCFYVELIRGRKEETEVLWTSNSIVVFCGTSGTYGTGSWPDGANLSLMHI,H3,N2,0.2362401564796622
A/Nigeria/4976/2020,H3N2,NA,2020-11-11,EPI1851882,MNPNQKIITIGSVSLTISTICFFMQIAILITTVTLHFKQYEFNSPPNNQVMLCEPTIIERNITEIVYLTNTTIEKEICPKPAEYRNWSKPQCGITGFAPFSKDNSIRLSAGGDIWVTREPYVSCDLDKCYQFALGQGTTLNNVHSNNTVRDRTPYRTLLMNELGVPFHLGTKQVCIAWSSSSCHDGKAWLHVCITGDDKNATASFIYNGRLVDSVVSWSNDILRTQESECVCINGTCTVVMTDGNATGKADTKILFIEEGKIIHTSKLSGSAQHVEECSCYPRYPDVRCVCRDNWKGSNRPIIDINIKDHSIVSSYVCSGLVGDTPRKSDSSSSSHCLNPNNEKGGHGVKGWAFDDGNDVWMGRTINETSRLGYETFKVVEGWSNPKSKLQINRQVIVDRGDRSGYSGIFSVEGKSCINRCFYVELIRGRKDETEVLWTSNSIVVFCGTSGTYGTGSWPDGADLNLMHI,H3,N2,0.23642582795635161
A/Brisbane/501/2021,H3N2,NA,2021-05-17,EPI1884993,MNPNQKIITIGSVSLTISTICFFMQIAILITTVTLHFKQYEFKSPPNNQVMLCEPTIIERNITEIVYLTNTTIEREICPKPAEYRNWSKPQCGITGFAPFSKDNSIRLSAGGDIWVTREPYVSCDPDKCYQFALGQGTTINNVHSNNTARDRTPHRTLLMNELGVPFHLGTKQVCIAWSSSSCHDGKAWLHVCITGDDKNATASFIYNGRLVDSVVSWSKDILRTQESECVCINGTCTVVMTDGNATGKADTKILFIEEGKIVHTSKLSGSAQHVEECSCYPRYPGVRCVCRDNWKGSNRPIVDINIKDHSIVSSYVCSGLVGDTPRKTDSSSSSHCLNPNNEKGVHGVKGWAFDDGNDVWMGRTINETSRLGYETFKVVEGWSNPKSKLQINRQVIVDRGDRSGYSGIFSVEGKSCINRCFYVELIRGRKEEAEVLWTSNSIVVFCGTSGTYGTGSWPDGADLNLMHI,H3,N2,0.23634298476860516
A/Uganda/06/2021,H3N2,NA,2021-05-01,EPI2103509,MNPNQKIITIGSVSLTISTICFFMQIAILITTVTLHFKQYEFNSPPNNQVMLCEPTIIERNITEIVYLTNTTIEKEICPKPAEYRNWSKPQCGITGFAPFSKDNSIRLSAGGDIWVTREPYVSCDLDKCYQFALGQGTTLNNVHSNNTVRDRTPYRTLLMNELGVPFHLGTKQVCIAWSSSSCHDGKAWLHVCITGDDKNATASFIYNGRLVDSVVSWSNDILRTQESECVCINGTCTVVMTDGNATGKADTKILFIEEGKIIHISKLSGSAQHVEECSCYPRYPGVRCVCRDNWKGSNRPIIDINIKDHSIVSSYVCSGLVGDTPRKSDSSSSSHCLHPNNEKGGHGVKGWAFDDGNDVWMGRTINETSRLGYETFKVVEGWSNTKSKLQINRQVIVDRGDRSGYSGIFSVEGKSCINRCFYVELIRGRKEETEVLWTSNSIVVFCGTSGTYGTGSWPDGADLNLMHI,H3,N2,0.23522769073669061
A/Darwin/22/2021,H3N2,NA,2021-08-11,EPI1983164,MNPNQKIITIGSVSLTISTICFFMQIAILITTVTLHFKQYEFNYPPNNQVMLCEPTIIERNITEIVYLTNTTIEKEICPKPAEYRNWSKPQCGITGFAPFSKDNSIRLSAGGDIWVTREPYVSCDLDKCYQFALGQGTTLNNVHSNNTVRDRTPYRTLLMNELGVPFHLGTKQVCIAWSSSSCHDGKAWLHVCITGDDKNATASFIYNGRLVDSVVSWSNDILRTQESECVCINGTCTVVMTDGNATGKADTKILFIEEGKIVHTSKLSGSAQHVEECSCYPRYPGVRCVCRDNWKGSNRPIIDINIKDHSIVSRYVCSGLVGDTPRKNDSSSSSHCLNPNNEKGDHGVKGWAFDDGNDVWMGRTINETSRLGYETFKVVEGWSNPKSKLQINRQVIVDRGDRSGYSGIFSVEGKSCINRCFYVELIRGRKEETEVLWTSNSIVVFCGTSGTYGTGSWPDGANLSLMHI,H3,N2,0.2326598433736285
A/AbuDhabi/332924/2021,H3N2,NA,2021-02-02,EPI1885007,MNPNQKIITIGSVSLTISTICFFMQIAILITTVTLHFKQYEFNSPPNNQVMLCEPTIIERNMTEMVYLTNTTIEKEICPKPAEYRNWSKPQCGITGFAPFSKDNSIRLSAGGDIWVTREPYVSCDLDKCYQFALGQGTTLNNVHSNNTVRDRTPYRTLLMNELGVPFHLGTKQVCIAWSSSSCHDGKAWLHVCITGDDKNATASFIYNGRLVDSVVSWSNDILRTQESECVCINGTCTVVMTDGNATGKADTKILFIEEGKIVHTSKLSGSAQHVEECSCYPRYPGVRCVCRDNWKGSNRPIIDINIKDHSIVSRYVCSGLVGDTPRKSDSSSSSHCLNPNNEKGDHGVKGWAFDDGNDVWMGRTINETSRLGYETFKVVEGWSNPKSKLQINRQVIVDRGDRSGYSGIFSVEGKSCINRCFYVELIRGRKEETEVLWTSNSIVVFCGTSGTYGTGSWPDGADINLMPMVIAVS,H3,N2,0.23638445164079475
A/Jiangxi/00346/2021,H9N2,NA,2021-01-18,EPI1884705,MNPNQKITAIGSVSLIIAVICLLMQIAILTTTMTLHFGQKECSNPSNNQVMPCEPIIIERNTVHLNSTTIEREICPKVAEYKNWSKPQCLITGFAPFSKDNSIRLSAGGDIWVTREPYVSCSPDKCYQFALGQGTTLKNKHSNGTTHDRTPYRTLLMNELGVPFHLGTKQVCIAWSSSSCYDGKAWLHVCVTGDDKNATASIIYDGMLVDSIGSWSKNILRTQESECVCINGTCAVVMTDGSASGVADTRVLFIREGKIVNIRPLSGSAQHVEECSCYPRYPEIRCVCRDNWKGSNRPIVYINMADYSIESSYVCSGLVGDTPRDDDSSSSSNCRDPNDERGAPGVKGWAFDDGNDVWMGRTIKNGSRSGYETFRVINGWTMANSKSQINRQVIVNSDDWTGYSGIFSVEGKECINRCFYVELIRGRPQEPRVWWTSNSIIVFCGTSGTYGTGSWPDGSNINFMPI,H9,N2,0.32321497562067353
A/Saint_Petersburg/13-01V/2021,H3N2,NA,2021-09-14,EPI1919551,MNPNQKIITIGSVSLTISTICFFMQIAILITTVTLHFKQYEFNPPPNNQVMLCEPTIIERNITEIVYLTNTTIEKEICPKPAEYRNWSKPQCGITGFAPFSKDNSIRLSAGGDIWVTREPYVSCDLDKCYQFALGQGTTLNNVHSNNTVRDRTPYRTLLMNELGVPFHLGTKQVCIAWSSSSCHDGKAWLHVCITGDDKNATASFIYNGRLVDSVVSWSNDILRTQESECVCINGTCTVVMTDGNATGKADTKILFIEEGKIVHTSKLSGSAQHVEECSCYPRYPGVRCVCRDNWKGSNRPIIDINIKDHSIVSRYVCSGLVGDTPRKSDSSSSSHCLNPNNEKGGHGVKGWAFDDGNDVWMGRTINETSRLGYETFKVVEGWSNPKSKLQINRQVIVDRGDRSGYSGIFSVEGKSCINRCFYVELIRGRKEETEVLWTSNSIVVFCGTSGTYGTGSWPDGANLSLMHI,H3,N2,0.23099854673025833
A/Ayutthaya/56/2020,H3N2,NA,2020-11-09,EPI1853462,MNPNQKIITIGSVSLTISTICFFMQIAILITTVTLHFKQYEFNSAPNNQVMLCEPTIIERNMTEIVYLTNTTIEKEICPKPAEYRNWSKPQCGITGFAPFSKDNSIRLSAGGDIWVTREPYVSCDLDKCYQFALGQGTTLNNVHSNNTIRXRTPYRTLLMNELGVPFHLGTKQVCIAWSSSSCHDGKAWLHVCITGDDKNATASFIYNGRLVDSVVSWSNDILRTQESECVCINGTCTVVMTDGNATGKADTKILFIEEGKIVHTSKLSGSAQHVEECSCYPRYPGVRCVCRDNWKGSNRPIIDINIKDHSIVSRYVCSGLVGDTPRKSDSSSSSHCLNPNNEKGDHGVKGWAFDDGNDVWMGRTINETSRLGYETFKVVEGWSNPKSKLQINRQVIVDRGDRSGYSGIFSVEGKSCINRCFYVELIRGRKEETEVLWTSNSIVVFCGTSGTYGTGSWPDGANLSLMHI,H3,N2,0.2363509059386549
A/YAMAGATA/2/2021,H3N2,NA,2021-02-09,EPI1853982,MNPNQKIITIGSVSLTISTICFFMQIAILITTVTLHFKQYEFNSPPNNQVMLCEPTIIERNMTEIVYLTNTTIEKEICPKPAEYRNWSKPQCGITGFAPFSKDNSIRLSAGGDIWVTREPYVSCDLDKCYQFALGQGTTLNNVHSNNTVRXRTPYRTLLMNELGVPFHLGTKQVCIAWSSSSCHDGKAWLHVCITGDDKNATASFIYNGRLVDSVVSWSNDILRTQESECVCINGTCTVVMTDGNATGKADTKILFIEEGKIVHTSKLSGSAQHVEECSCYPRYPGVRCVCRDNWKGSNRPIIDINIKDHSIVSRYVCSGLVGDTPRKSDSSSSSHCLNPNNEKGDHGVKGWAFDDGNDVWMGRTINETSRLGYETFKVVEGWSNPKSKLQINRQVIVDRGDRSGYSGIFSVEGKSCINRCFYVELIRGRKEETEVLWTSNSIVVFCGTSGTYGTGSWPDGANLSLMHV,H3,N2,0.23633688007910816
A/NADYM/RII-46578S/21,H3N2,NA,2021-08-07,EPI1917361,MNPNQKIITIGSVSLTISTICFFMQIAILITTVTLHFKQYEFNSPPNNQVMLCEPTIIERNITEIVYLTNTTIEKEIXPKPAEYRNWSKPQCGITGFAPFSKDNSIRLSAGGDIWVTREPYVSCDLDKCYQFALGQGTTLNNVHSNNTVRDRTPYRTLLMNELGVPFHLGTKQVCIAWSSSSCHDGKAWLHVCITGDDKNATASFIYNGRLVDSVVSWSNDILRTQESECVCINGTCTVVMTDGNATGKADTKILFIEEGKIVHTSKLSGSAQHVEECSCYPRYPGVRCVCRDNWKGSNRPIIDINIKDHSIVSRYVCSGLVGDTPRKSDSSSSSHCLNPNNEKGGHGVKGWAFDDGNDVWMGRTINETSRLGYETFKVVEGWSNPKSKLQINRQVIVDRGDRSGYSGIFSVEGKSCINRCFYVELIRGRKEETEVLWTSNSIVVFCGTSGTYGTGSWPDGANLSLMHI,H3,N2,0.2364334229732001
A/Dakar/01/2020,H3N2,NA,2020-11-02,EPI1846335,MNPNQKIITIGSVSLTISTICFFMQIAILITTVTLHFKQYEFNSPPNNQVMLCEPTIIERNITEIVYLTNTTIEKEICPKPAEYRNWSKPQCGITGFAPFSKDNSIRLSAGGDIWVTREPYVSCDLDKCYQFALGQGTTLNNVHSNNTVRDRTPYRTLLMNELGVPFHLGTKQVCIAWSSSSCHDGKAWLHVCITGDDKNATASFIYNGRLVDSVVSWSNDILRTQESECVCINGTCTVVMTDGNATGKADTKILFIEEGKIIHTSKLSGSAQHVEECSCYPRYPGVRCVCRDNWKGSNRPIIDINIKDHSIVSSYVCSGLVGDTPRKSDSSSSSHCLNPNNEKGGHGVKGWAFDDGKDVWMGRTINETSRLGYETFKVVEGWFNPKSKLQINRQVIVDRGDRSGYSGIFSVEGKSCINRCFYVELIRGRKEETEVLWTSNSIVVFCGTSGTYGTGSWPDGADLNLMHI,H3,N2,0.23685626437548196
A/Fujian-siming/19/2021,H9N2,NA,2021-01-04,EPI1884681,MNPNQKITAIGSVSLIIAIICLLMQIAILTTTMTLHFGQKECSNPSNNQVMPCEPIIIERNTVHLNNTIIEREICPKVAEYKKWSKPQCLITGFAPFSKDNSIRLSAGGDIWVTREPYVSCSPDXCYQFALGQGTTLKNEHSNGTTHDRTPHRTLLMNELGVPFHLGTKQVCIAWSSSSCHDGKAWLHICVTGDDKNATASIIYDGMLVDSIGSWYKNILRTQESECVCINGTCAVVMTDGSASGVADTRVLFIREGKIINIRPLSGSAQHVEECSCYPRYPEIRCVCRDNWKGSNRPIIYINMADYSIDSSYVCSGLVGDTPRNDDSSSSSNCRDPNNEKGKPGVKGWAFDDGNDVWMGRTIKNSSRSGYETFRVINGWTMANSKSQTNRQVIVDSDNWSGYSGIFSVEGKECINRCFYVELIRGRPQEPRVWWTSNSIIAFCGTSGTYGTGSWPDGANINFMPI,H9,N2,0.33227124084236215
A/Kenya/GIHSN-HCL022162301101/2021,H3N2,NA,2021-01-15,EPI2467448,MNPNQKIITIGSVSLTISTICFFMQIAILITTVTLHFKQYEFNSPPNNQVMLCEPTIIERNMTEIVYLTNTTIEKEICPKPAEYRNWSKPQCGITGFAPFSKDNSIRLSAGGDIWVTREPYVSCDLDKCYQFALGQGTTLNNVHSNNTVRDRTPYRTLLMNELGVPFHLGTKQVCIAWSSSSCHDGKAWLHVCITGDDKNATASFIYNGRLVDSVVSWSNDILRTQESECVCINGTCTVVMTDGNATGKADTKILFIEEGKIVHTSKLSGSAQHVEECSCYPRYPGVRCVCRDNWKGSNRPIIDININDHSIVSRYVCSGLVGDTPRKSDSSSSSHCLNPNNEKGDHGVKGWAFDDGNDVWMGRTINETSRLGYETFKVVEGWSNPKSKLQINRQVIVDRGDRSGYSGIFSVEGKSCINRCFYVELIRGRKEETEVLWTSNSIVVFCGTSGTYGTGSWPDGANLSLMHT,H3,N2,0.23634228651672984
A/Qatar/24-VI-21-3752470/2021,H3N2,NA,2021-08-01,EPI1925482,MNPNQKIITIGSVSLTISTICFFMQIAILITTVTLHFKQYEFNSPPNNQVMLCEPTIIERNITEVVYLTNTTIEKEICPKPAEYRNWSKPQCGITGFAPFSKDNSIRLSAGGDIWVTREPYVSCDLDKCYQFALGQGTTLNNMHSNNTIRDRTPYRTLLMNELGVPFHLGTKQVCIAWSSSSCHDGKAWLHVCITGDDKNATASFIYNGRLVDSVVSWSNDILRTQESECVCINGTCTVVMTDGNATGKADTKILFIEEGKIVHTSKLSGSAQHVEECSCYPRYPGVRCVCRDNWKGSNRPIIDINIKDHSIVSRYVCSGLVGDTPRKXDSSSSSHCLNPNNEKGDHGVKGWAFDDGNDVWMGRTINETSRLGYETFKVVEGWSNPKSKLQINRQVIVDRGDRSGYSGIFSVEGKSCINRCFYVELIRGRKEETEVWWTSNSIVVFCGTSGTYGTGSWPDGANLSLMHI,H3,N2,0.2428595278767852
A/South_Africa/16017/2021,H3N2,NA,2021-04-11,EPI1994379,MNPNQKIITIGSVSLTISTICFFMQIAILITTVTLHFKQYEFNSPPNNQVILCEPTIIERNITEIVYLTNTTIEKEICPKPAEYRNWSKPQCGITGFAPFSKDNSIRLSAGGDIWVTREPYVSCDLDKCYQFALGQGTTLNNVHSNNTVRDRTPYRTLLMNELGVPFHLGTKQVCIAWSSSSCHDGKAWLHVCITGDDKNATASFIYNGRLVDSVVSWSNDILRTQESECVCINGTCTVVMTDGNATGKADTKILFIEEGKIVHTSKLSGSAQHVEECSCYPRYPGVRCVCRDNWKGSNRPIIDINIKDHSIVSRYVCSGLVGDTPRKSDSSSSSHCLNPNNEKGDHGVKGWAFDDGNDVWMGRTINETSRLGYETFKVVEGWSNPKSKLQINRQVIVGRGDRSGYSGIFSVEGKSCINRCFYVELIRGRKEETEVLWTSNSIVVFCGTSGTYGTGSWPDGANLSLMHI,H3,N2,0.23637005771747602
A/Laos/785/2021,H3N2,NA,2021-03-01,EPI1861086,MNPNQKIITIGSVSLTISTICFFMQIAILITTVTLHFKQYEFNSPPNNQVMLCEPTIIERNMTEIVYLTNTTIEKEICPKPAEYRNWSKPQCGITGFAPFSKDNSIRLSAGGDIWVTREPYVSCDLDKCYQFALGQGTTLNNVHSNNTVRDRTPYRTLLMNELGVPFHLGTKQVCIAWSSSSCHDGKAWLHVCITGDDKNATASFIYNGRLVDSVVSWSNDILRTQESECVCINGTCTVVMTDGNATGKADTKILFIEEGKIVHTSKLSGSAQHVEECSCYPRYPGVRCVCRDNWKGSNRPIIDINIKDHSIVSRYVCSGLVGDTPRKSDSSSSSHCLNPNNEKGDHGVKGWAFDDGNDVWMGRTINETSRLGYETFKVVEGWSNPKSKLQINRQVIVDRGDRSGYSGIFSVEGKSCINRCFYVELIRGRKKETEVLWTSNSIVVFCGTSGTYGTGSWPDGANLSLMHI,H3,N2,0.23638663333331833
A/Vietnam/Vnhcm-Gs520/2020,H3N2,NA,2020-10-22,EPI1847999,MNPNQKIITIGSVSLTISTICFFMQIAILITTVTLHFKQYEFNSPPNNQVMLCEPTIIERNMTEIVYLTNTTIEKEICPKPAEYRNWSKPQCGITGFAPFSKDNSIRLSAGGDIWVTREPYVSCDLDKCYQFALGQGTTLNNVHSNNTVRDRTPYRTLLMNELGVPFHLGTKQVCIAWSSSSCHDGKAWLHVCITGDDKNATASFIYNGRLVDSVVSWSNDILRTQESECVCINGTCAVVMTDGNATGKADTKILFIEEGKIVNTSKLSGSAQHVEECSCYPRYPGVRCVCRDNWKGSNRPIIDINIKDHSIVSRYVCSGLVGDTPRKSDSSSSSHCLNPNNEKGDHGVKGWAFDDGNDVWMGRTINETSRLGYETFKVVEGWSNPKSKLQINRQVIVDRGDRSGYSGIFSVEGKSCINRCFYVELIRGRKEETEVLWTSNSIVVFCGTSGTYGTGSWPDGANLSLMHI,H3,N2,0.23637549753432038
A/Moscow/12-01V/2021,H3N2,NA,2021-09-08,EPI1919529,MNPNQKIITIGSVSLTISTICFFMQIAILITTVTLHFKQYEFNSPPNNQVMLCEPTIIERNITEIVYLTNTTIEKEICPKPAEYRNWSKPQCGITGFAPFSKDNSIRLSAGGDIWVTREPYVSCDLDKCYQFALGQGTTLNNVHSNNTVRDRTPYRTLLMNELGVPFHLGTKQVCIAWSSSSCHDGKAWLHVCITGDDKNATASFIYNGRLVDSVVSWSNDILRTQESECVCINGTCTVVMTDGNATGKADTKILFIEEGKIVHTSKLSGSAQHVEECSCYPRYPGVRCVCRDNWKGSNRPIIDINIKDHSIVSRYVCSGLVGDTPRKSDSSSSSHCLNPNSEKGGHGVKGWAFDDGNDVWMGRTINETSRLGYETFKVVEGWSNPKSKLQINRQVIVDRSDRSGYSGIFSVEGKSCINRCFYVELIRGRKEETEVLWTSNSIVVFCGTSGTYGTGSWPDGANLSLMHI,H3,N2,0.2364559206878368
A/Moscow/12-02V/2021,H3N2,NA,2021-09-13,EPI1919532,MNPNQKIITIGSVSLTISTICFFMQIAILITTVTLHFKQYEFNSPPNNQVILCEPTIIEKNITEIVYLTNTTIEKEICPKPAEYRNWSKPQCGITGFAPFSKDNSIRLSAGGDIWVTREPYVSCDLDKCYQFALGQGTTLNNVHSNNTVRDRTPYRTLLMNELGVPFHLGTKQVCIAWSSSSCHDGKAWLHVCITGDDKNATASFIYNGRLVDSVVSWSNDILRTQESECVCINGTCTVVMTDGNATGKADTKILFIEEGKIVHTSKLSGSAQHVEECSCYPRYPGVRCVCRDNWKGSNRPIIDINIKDHSIVSRYVCSGLVGDTPRKSDSSSSSHCLNPNNEKGGHGVKGWAFDDGNDVWMGRTINETSRLGYETFKVVEGWSNPKSKLQINRQVIVDRGDRSGYSSIFSVEGKSCINRCFYVELIRGRKEETEVLWTSNSIVVFCGTSGTYGTGSWPDGANLSLMHI,H3,N2,0.23646001314364626
A/Kenya/103/2021,H3N2,NA,2021-01-29,EPI1881856,MNPNQKIITIGSVSLTISTICFFMQIAILITTVTLHFKQYEFNPPPNNQVMLCEPTIIERNMTEIVYLTNTTIEKEICPKPAEYRNWSKPQCGITGFAPFSKDNSIRLSAGGDIWVTREPYVSCDLDNCYQFALGQGTTLNNVHSNNTVRDRTPYRTLLMNELGVPFHLGTKQVCIAWSSSSCHDGKAWLHVCITGDDKNATASFIYNGRLVDSVVSWSNDILRTQESECVCINGTCTVVMTDGNATGKADTKILFIEEGKIVHTSKLSGSAQHVEECSCYPRYPGVRCVCRDNWKGSNRPIIDINIKDHSIVSRYVCSGLVGDTPRKSDSSSSSHCLNPNNEKGDHGVKGWAFDDGNDVWMGRTINETSRLGYETFKVVEGWSNPKSKLQINRQVIVDRGDRSGYSGIFSVEGKSCINRCFYVELIRGRKEETEVLWTSNSIVVFCGTSGTYGTGSWPDGANLSLMHT,H3,N2,0.2311872272120773
A/South_Africa/13327/2021,H3N2,NA,2021-06-09,EPI1994377,MNPNQKIITIGSVSLTISTICFFMQIAILITTVTLHFKQYEFNSPPNNQVMLCEPTIIERNITEIVYLTNTTIEKEICPKPAEYRNWSKPQCDITGFAPFSKDNSIRLSAGGDIWVTREPYVSCDLDKCYQFALGQGTTLNNVHSNNTVRDRTPYRTLLMNELGVPFHLGTKQVCIAWSSSSCHDGKAWLHVCITGDDKNATASFIYNGRLVDSVVSWSNDILRTQESECVCINGTCTVVMTDGNATGKADTKILFIEEGKIVHTSKLSGSAQHVEECSCYPRYPGVRCVCRDNWKGSNRPIIDINIKDHSIFSSYVCSGLVGDTPRKSDSSSSSHCLNPNNEKGGHGVKGWAFDDGNDVWMGRTINETSRLGYETFKVIEGWSNPKSKLQINRQVIVDRGDRSGYSGIFSVEGKSCINRCFYVELIRGRKEETEVLWTSNSIVVFCGTSGTYGTGSWPDGADLNLMHT,H3,N2,0.2365323543260937
A/Bangladesh/2170/2021,H3N2,NA,2021-09-07,EPI1973087,MNPNQKIITIGSVSLTISTICFFMQIAILITTVTLHFKQYEFNSPPNNQVMLCEPTIIERNITEIVYLTNTTIEKEICPKPAEYRNWSKPQCGITGFAPFSKDNSIRLSAGGDIWVTREPYVSCDLDKCYQFAXGQGTTLNNVHSNNTVRDRTPYRTLLMNELGVPFHLGTKQVCIAWSSSSCHDGKAWLHVCITGDDKNATASFIYNGRLVDSVVSWSNDILRTQESECVCINGTCTVVMTDGNATGKADTKILFIEEGKIVHTSKLSGSAQHVEECSCYPRYPGVRCVCRDNWKGSNRPIIDINIKDHSIVSRYVCSGLVGDTPRKSDSSSSSHCLNPNNEKGDHGVKGWAFDDGNDVWMGRTINETSRLGYETFKVVEGWSNPKSKLQINRQVIVDRGDRSGYSGIFSVEGKSCINRCFYVELIRGRKEETEVLWTSNSIVVFCGTSGTYGTGSWPDGANLSLMHI,H3,N2,0.23637018858457326
A/Zambia/0114/2021,H3N2,NA,2021-07-01,EPI2003240,MNPNQKIITIGSVSLTISTICFFMQIAILITTVTLHFKQYEFNSPPNNQVMLCEPTIIERNITEIVYLTNTTIEKEICPKPAEYRNWSKPQCGITGFAPFSKDNSIRLSAGGDIWVTREPYVSCDLDKCYQFALGQGTTLNNVHSNNTVRDRTPYRTLLMNELGVPFHLGTKQVCIAWSSSSCYDGKAWLHVCITGDDKNATASFIYNGRLVDSVVSWSNDILRTQESECVCINGTCTVVMTDGNATGKADTKVLFIEEGKIIHTSELSGSAQHVEECSCYPRYPGVRCVCRDNWKGSNRPIIDINIKDHSIVSSYVCSGLVGDTPRKSDSSSSSHCLHPNNEKGGHGVKGWAFDDGNDVWMGRTINETSRFGYETFKVVEGWSNPKSKLQINRQVIVDRGDRSGYSGIFSVEGKSCINRCFYVELIRGRKEETEVLWTSNSIVVFCGTSGTYGTGSWPDGADLNLMHI,H3,N2,0.2360897066310436
A/Mayotte/564/2021,H3N2,NA,2021-09-28,EPI1970483,MNPNQKIITIGSVSLTISTICFFMQIAILITTVTLHFKQYEFNSPPNNQVMLCEPTIIERNITEIVYLTNTTIEKEICPKPAEYRNWSKPQCGITGFAPFSKDNSIRLSAGGDIWVTREPYVSCDLDKCYQFALGQGTTLNNVHSNNTVRDRTPYRTLLMNELGVPFHLGTKQVCIAWSSSSCHDGKAWLHVCITGDDKNATASFIYNGRLVDSVVSWSNDILRTQESECVCINGTCTVVMTDGNATGKADTKILFIEEGKIVHTSKLSGSAQHVEECSCYPRYPGVRCVCRDNWKGSNRPIIDINIKDHSIVSRYVCSGLVGDTPRKSDSSSSSHCLNPNNEKGDNGVKGWAFDDGNDVWMGRTINETSRLGYETFKVVEGWSNPKSKLQINRQVIVDRGDRSGYSGVFSVEGKSCINRCFYVELIRGRKEETEVLWTSNSIVVFCGTSGTYGTGSWPDGANLSLMHI,H3,N2,0.23626976210909326
A/Mayotte/567/2021,H3N2,NA,2021-09-26,EPI1970463,MNPNQKIITIGSVSLTISTICFFMQIAILITTVTLHFKQYEFNSPPNNQVMLCEPTIIERNITEIVYLINTTIEKEICPKPAEYRNWSKPQCDITGFAPFSKDNSIRLSAGGDIWVTREPYVSCDLDKCYQFALGQGTTLNNVHSNNTVRXRTPYRTLLMNELGVPFHLGTKQVCIAWSSSSCHDGKAWLHVCITGDDKNATASFIYNGRLVDSVVSWSNDILRTQESECVCINGTCTVVMTDGNATGKADTKILFIEEGKIVHTSKLSGSAQHVEECSCYPRYPGVRCVCRDNWKGSNRPIIDINIKDHSIVSSYVCSGLVGDTPRKSDSSSSSHCLNPNNEKGGHGVKGWAFDDGNDVWMGRTINETSRLGYETFKVIEGWSNPKSKLQINRQVIVDRGDRSGYSGIFSVEGKSCINRCFYVELIRGRKEETEVLWTSNSIVVFCGTSGTYGTGSWPDGADLNLMHT,H3,N2,0.23638283309601854
A/Tripoli/5646/2021,H3N2,NA,2021-09-07,EPI2129639,MNPNQKIITIGSVSLTISTICFFMQIAILITTVTLHFKQYEFNSPPNNQVMLCEPTIIERNITEIVYLTNTTIEKEICPKPAEYRNWSKPQCGITGFAPFSKDNSIRLSAGGDIWVTREPYVSCDLDKCYQFALGQGTTLNNVHSNNTVRDRTPYRTLLMNELGVPFHLGTKQVCIAWSSSSCHDGKAWLHVCITGDDKNATASFIYNGRLVDSVVSWSNDILRTQESECVCINGTCTVVMTDGNVTGKADTKILFIEEGKIVHTSKLSGSAQHVEECSCYPRYPGVRCVCRDNWKGSNRPIIDINIKDHSIVSRYVCSGLVGDTPRKSDSSSSSHCLNPNNEKGGHGVKGWAFDDGNDVWMGRTINETSRLGYETFKVVEGWSNPKSKLQINRQVIVDRGDRSGYSGIFSVEGKSCINRCFYVELIRGRKEETEVLWTSNSIVVFCGTSGTYGTGSWPDGANLSLMHI,H3,N2,0.23643342127910474
A/Kenya/GIHSN-HCL022161523601/2021,H3N2,NA,2021-09-24,EPI2251235,MNPNQKIITIGSVSLTISTICFFMQIAILITTVTLHFKQYEFNSPPNNQVMLCEPTIIERNITEIVYLTNTTIEKEICPKPAEYRNWSKPQCDITGFAPFSKDNSIRLSAGGDIWVTREPYVSCDLDKCYQFALGQGTTLNNVHSNNTVRDRTPYRTLLMNELGVPFHLGTKQVCIAWSSSSCHDGKAWLHVCITGDDKNATASFIYNGRLVDSVVSWSNDILRTQESECVCINGTCTVVMTDGNATGKADTNILFIEEGKIVHTSKLSGSAQHVEECSCYPRYPGVRCVCRDNWKGSNRPIIDINIKDHSIVSSYVCSGLVGDTPRKSDSSSSSHCLNPNNEKGGHGVKGWAFDDGNDVWMGRTINETSRLGYETFKVVEGWSNPKSKLQINRQVIVDRGDRSGYSGIFSVEGKSCINRCFYVELIRGRKEETEVLWTSNSIVVFCGTSGTYGTGSWPDGADLNLMHT,H3,N2,0.23644404752790688
A/Bangladesh/1817/2020,H3N2,NA,2020-10-06,EPI1842418,MNPNQKIITIGSVSLTISTICFFMQIAILITTVTLHFKQYEFNSPPNNQVMLCEPTIIERNITEIVYLTNTTIEKEICPKPAEYRNWSKPQCGITGFAPFSKDNSIRLSAGGDIWVTREPYVSCDLDKCYQFALGQGTTLNNLHSNNTVRDRTPYRTLLMNELGVPFHLGTKQVCIAWSSSSCHDGKAWLHVCITGDDKNATASFIYNGRLVDSVVSWSNDILRTQESECVCINGTCTVVMTDGNATGKADTKILFIEEGKIVHTSKLSGSAQHVEECSCYPRYPGVRCVCRDNWKGSNRPIIDINIKDHSIVSRYVCSGLVGDTPRKSDSSSSSHCLNPNNEKGDHGVKGWAFDDGNDVWMGRTINETSRLGYETFKVVEGWSNPKSKLQINRQVIVDRGDRSGYSGIFSVEGKSCINRCFYVELIRGRKEETEVLWTSNSIVVFCGTSGTYGTGSWPDGANLSLMHI,H3,N2,0.23639275211898605
A/Laos/1424/2021,H3N2,NA,2021-04-12,EPI1921807,MNPNQKIITIGSVSLTISTICFFMQIAILITTVTLHFKQYEFNSPPNNQVMLCEPTIIERNMTEIVYLTNTTIEKEICPKPAEYRNWSKPQCGITGFAPFSKDNSIRLSAGGDIWVTREPYVSCDLDKCYQFALGQGTTLNNVHSNNTVRDRTPYRTLLMNELGVPFHLGTKQVCIAWSSSSCHDGKAWLHVCITGDDKNATASFIYNGRLVDSVVSWSNDILRTQESECVCINGTCTVVMTDGNATGKADTKILFIEEGKIVHTSKLSGSAQHVEECSCYPRYPGVRCVCRDNWKGSNRPIIDINIKDHSIVSRYVCSGLVGDTPRKSDSSSSSHCLNPNNEKGGHGVKGWAFDDGNDVWMGRTINETSRLGYETFKVVEGWSNPKSKLQINRQVIVDRGDRSGYSGIFSVEGKSCINRCFYVELIRGRKEETEVLWTSNSIVVFCGTSGTYGTGSWPDGANLSLMHI,H3,N2,0.2364545953763235
A/Congo/44/2021,H3N2,NA,2021-01-12,EPI1852021,MNPNQKIITIGSVSLTISTICFFMQIAILITTVTLHFKQYEFNSPPNNQVMLCEPTIIERNITEIVYLTNTTIEKEICPKPAEYRNWSKPQCGITGFAPFSKDNSIRLSAGGDIWVTREPYVSCDLDKCYQFALGQGTTLNNVHSNNTVRDRTPYRTLLMNELGVPFHLGTKQVCIAWSSSSCYDGKAWLHVCITGDDKNATASFIYNGRLVDSVVSWSNDILRTQESECVCINGTCTVVMTDGNATGKADTKILFIEEGKIIHTSKLSGSAQHVEECSCYPRYPGVRCVCRDNWKGSNRPIIDINIKDHSIVSSYVCSGLVGDTPRKSDSSSSSHCLHPNNEKGGHGVKGWAFDDGNDVWMGRTINETSRLGYETFKVVEGWSNPKSKLQINRQVIVDRGDRSGYSGIFSVEGKSCINRCFYVELIRGRKEETEVLWTSNSIVVFCGTSGTYGTGSWPDGADLNLMHI,H3,N2,0.23609945733738255
A/Kenya/107/2021,H3N2,NA,2021-02-12,EPI1881967,MNPNQKIITIGSVSLTISTICFFMQIAILITTVTLHFKQYEFNSPPNNQVMLCEPTIIERNMTEIVYLTNTIIEKEICPKPAEYRNWSKPQCGITGFAPFSKDNSIRLSAGGDIWVTREPYVSCDLDKCYQFALGQGTTLNNVHSNNTVRDRTPYRTLLMNELGVPFHLGTKQVCIAWSSSSCHDGKAWLHVCITGDDKNATASFIYNGRLVDSVVSWSNDILRTQESECVCINGTCTVVMTDGNATGKADTKILFIEEGKIVHTSKLSGSAQHVEECSCYPRYPGVRCVCRDNWKGSNRPIIDINIKDHSIVSRYVCSGLVGDTPRKSDSSSSSHCLNPNNEKGDHGVKGWAFDDGNDVWMGRTINETSRLGYETFKVVEGWSNPKSKLQINRQVIVDRGDRSGYSGIFSVEGKSCINRCFYVELIRGRKEETEVLWTSNSIVVFCGTSGTYGTGSWPDGANLSLMHT,H3,N2,0.23642019429007682
A/Stockholm/11/2021,H3N2,NA,2021-09-29,EPI1923460,MNPNQKIITIGSVSLTISTICFFMQIAILITTVTLHFKQYEFNSPPNNQVMLCEPTIIERNITEIVYLNNTTIEKEICPKPAEYRNWSKPQCGITGFAPFSKDNSIRLSAGGDIWVTREPYVSCDLDKCYQFALGQGTTLNNVHSNNTVRDRTPYRTLLMNELGVPFHLGTKQVCIAWSSSSCHDGKAWLHVCITGDDKNATASFIYNGKLVDSVVSWSNDILRTQESECVCINGTCTVVMTDGNATGKADTKILFIEEGKIVHTSKLSGSAQHVEECSCYPRYPGVRCVCRDNWKGSNRPIIDINIKDHSIVSRYVCSGLVGDTPRKSDSSSSSHCLNPNNEKGDHGVKGWAFDDGNDVWMGRTINETSRLGYETFKVVEGWSNPKSKLQTNRQVIVDRGDRSGYSGIFSVEGKSCINRCFYVELIRGRKEETEVLWTSNSIVVFCGTSGTYGTGSWPDGANLSLMHI,H3,N2,0.23637828808561534
A/Togo/0966/2021,H3N2,NA,2021-09-21,EPI1969965,MNPNQKIITIGSVSLTISTICFFMQIAILITTVTLHFKQYEFNSPPNNQVMLCEPTIIERNITEIVYLINTTIEKEICPKPVEYRNWSKPQCGITGFAPFSKDNSIRLSAGGDIWVTREPYVSCDLDKCYQFALGQGTTLNNVHSNNTVRDRTPYRTLLMNELGVPFHLGTKQVCIAWSSSSCHDGKAWLHVCITGDDKNATASFIYNGRLVDSVVSWSNDILRTQESECVCINGTCTVVMTDGNATGRADTKILFIEEGKIIHTSKLSGSAQHVEECSCYPRYPGVRCVCRDNWKGSNRPIIDINIKDHSIVSSYVCSGLVGDTPRRSDSSSSSHCLNPNNEKGGHGVKGWAFDDGNDVWMGRTINETSRLGYETFKVVEGWSNPKSKLQINRQVIVDRGDRSGYSGIFSVEGKSCINRCFYVELIRGRKEETEVLWTSNSIVVFCGTSGTYGTGSWPDGADLNLMHI,H3,N2,0.2356805831211487
A/Kenya/GIHSN-HCL022160232401/2021,H3N2,NA,2021-09-20,EPI2251120,MNPNQKIITIGSVSLTISTICFFMQIAILITTVTLHFKQYEFNSPPNNQVVLCEPTIIERNITEIVYLTNTTIEKEICPKPAEYRNWSKPQCDITGFAPFSKDNSIRLSAGGDIWVTREPYVSCDLDKCYQFALGQGTTLNNVHSNNTVRDRTPYRTLLMNELGVPFHLGTKQVCIAWSSSSCYDGKAWLHVCITGDDKNATASFIYNGRLVDSVVSWSNNILRTQESECVCINGTCTVVMTDGNATGKADTKILFIEEGKIVHTSKLSGSAQHVEECSCYPRYPGVRCVCRDNWKGSNRPIIDINIKDHSIVSSYVCSGLVGDTPRKSDSSSSSHCLNPNNEKGGHGVKGWAFDDGNDVWMGRTINETSRLGYETFKVVEGWSNPKSKLQINRQVIVDRGDRSGYSGIFSVEGKSCINRCFYVELIRGRKEETEVLWTSNSIVVFCGTSGTYGTGSWPDGADLNLMHT,H3,N2,0.23609253487547516
A/Togo/5321/2021,H3N2,NA,2021-07-13,EPI1970034,MNPNQKIITIGSVSLTISTICFFMQIAILITTVTLHFKQYEFNSPPNNQVILCEPTIIERNITEIVYLTNTTIEKEICPKPVEYRNWSKPQCGITGFAPFSKDNSIRLSAGGDIWVTREPYVSCDLDKCYQFALGQGTTLNNVHSNNTVRDRTPYRTLLMNELGVPFHLGTKQVCIAWSSSSCHDGKAWLHVCITGDDKNATASFIYNGRLVDSVVSWSNDILRTQESECVCINGTCTVVMTDGNATGRADTKILFIEEGKIIHTSKLSGSAQHVEECSCYPRYPGVRCVCRDNWKGSNRPIIDINIKDHSIVSSYVCSGLVGDTPRKSDSSSSSHCLNPNNEKGGHGVKGWAFDDGNDVWMGRTINETSRLGYETFKVVEGWSNPKSKLQINRQVIVDRGDRSGYSGIFSVEGKSCINRCFYVELIRGRKEETEVLWTSNSIVVFCGXSGTYGTGSWPDGADLNLMHI,H3,N2,0.23568478816008515
A/Kenya/GIHSN-HCL022160083401/2021,H3N2,NA,2021-09-28,EPI2250958,MNPNQKIITIGSVSLTISTICFFMQIAILITTVTLHFKQYEFNSPPNNQVMLCEPTIIERNITEIVYLTNTTIEKEICPKPAEYRNWSKPQCGITGFAPFSKDNSIRLSAGGDIWVTREPYVSCDLDKCYQFALGQGTTLNNVHSNNTVRDRTPYRTLLMNELGVPFHLGTKQVCIAWSSSSCYDGKAWLHVCITGDDKNATASFIYSGRLVDSVVSWSNDILRTQESECVCINGTCTVVMTDGNATGKADTKILFIEEGKIVHTSKLSGSAQHVEECSCYPRYPGVRCVCRDNWKGSNRPIIDINIKDHSIVSSYVCSGLVGDTPRKSDSSSSSHCLNPNNEKGGHGVKGWAFDDGNDVWMGRTINETSRLGYETFKVVEGWSNPKSKLQINRQVIVDRSDRSGYSGIFSVEGKSCINRCFYVELIRGRKEETEVLWTSNSIVVFCGTSGTYGTGSWPDGADLNLMHT,H3,N2,0.23611501980940802
A/Philippines/1/2021,H3N2,NA,2021-05-14,EPI1888047,MNPNQKIITIGSVSLTISTICFFMQIAILIATVTLHFKQYEFNSPPNNQVMLCEPTIIERNITEIVYLTNTTIEKEICPKPAEYRNWSKPQCGITGFAPFSKDNSIRLSAGGDIWVTREPYVSCDLDKCYQFALGQGTTLHNVHSNNTVRDRTPYRTLLMNELGVPFHLGTKQVCIAWSSSSCHDGKAWLHVCITGDDKNATASFIYNGRLVDSVVSWSNDILRTQESECVCINGTCTVVMTDGNATGKADTKILFIEEGKIIHTSKLSGSAQHVEECSCYPRYPGVRCVCRDNWKGSNRPIIDINIKDHSIVSSYVCSGLVGDTPRKSDSSSSSHCLNPNNEKGGHGVKGWAFDDGDDVWMGRTINETSRLGYETFKVVEGWSNPKSKLQINRQVIVDGGDRSGYSGIFSVEGKSCINRCFYVELIRGRKEETEVLWTSNSIVVFCGTSGTYGTGSWPDGADLNLMHI,H3,N2,0.23644776804355586
A/Kenya/106/2021,H3N2,NA,2021-02-10,EPI1881943,MNPNQKIITIGSVSLTISTICFFMQIAILITTVTLHFKQYEFNSPPNNQVMLCEPTIIERNMTEIVYLTNTTIEKEICPKPAEYRNWSKPQCGITGFAPFSKDNSIRLSAGGDIWVTREPYVSCDLDKCYQFALGQGTTLNNVHSNNTVRDRTPYRTLLMNELGVPFHLGTKQVCIAWSSSSCHDGKAWLHVCITGDDKNATASFIYNGRLVDSVVSWSNNILRTQESECVCINGTCTVVMTDGNATGKADTKILFIEEGKIVHTSKLSGSAQHVEECSCYPRYPGVRCVCRDNWKGSNRPIIDINIKDHSIVSRYVCSGLVGDTPRKSDSSSSSHCLNPNNEKGDHGVKGWAFDDGNDVWMGRTINETSRLGYETFKVVEGWSNPKSKLQINRQVIVDRGDRSGYSGIFSVEGKSCINRCFYVELIRGRKEETEVLWTSNSIVVFCGTSGTYGTGSWPDGANLSLMHT,H3,N2,0.2363428118111726
A/Kenya/110/2021,H3N2,NA,2021-02-16,EPI1881919,MNPNQKIITIGSVSLTISTICFFMQIAILITTVTLHFKQYEFNSPPNNQVMLCEPTIIERNMTEIVYLTNTTIEKEICPKPAEYRNWSKPQCGITGFAPFSKDNSIRLSAGGDIWVTREPYVSCDLDKCYQFALGQGTTLNNVHSNNTVRDRTPYRTLLMNELGVPFHLGTKQVCIAWSSSSCHDGKAWLHVCITGDDKNATASFIYNGRLVDSVVSWSNDILRTQESECVCINGTCTVVMTDGNATGKADTKILFIEEGKIVHTSKLSGSAQHVEECSCYPRYPGVRCVCRDNWKGSNRPIIDINIKDHSIVSRYVCSGLVGDTPRKSDSSSSSHCLNPNNEKGDHGVKGWAFDDGNDVWMGRTINETSRLGYETFKVVEGWSNPKSKLQINRQVIVGRGDRSGYSGIFSVEGKSCINRCFYVELIRGRKEETEVLWTSNSIVVFCGTSGTYGTGSWPDGANLSLMHT,H3,N2,0.23637510837725229
A/South_Africa/14437/2021,H3N2,NA,2021-09-29,EPI1984110,MNPNQKIITIGSVSLTISTICFFMQIAILITTVTLHFKQYEFNSPPNNQVMLCEPTIIERNITEIVYLTNTTIEKEICPKPAEYRNWSKPQCDITGFAPFSKDNSIRLSAGGDIWVTREPYVSCDLDKCYQFALGQGTTLNNVHSNNTVRDRTPYRTLLMNELGVPFHLGTKQVCIAWSSSSCHDGKAWLHVCITGDDKNATASFIYNGRLVDSVVSWSNDILRTQESECVCINGTCTVVMTDGNATGKADTKILFIEEGKIVHTSKLSGSAQHVEECSCYPRYPGVRCVCRDNWKGSNRPIIDINIKDHSIVSSYVCSGLVGDTPRKSDSSSSSHCLNPNNEKGGHGVKGWAFDDGNDVWMGRTINETSRLGYETFKVIEGWSNPKSKLQINRQVIVDRGDRSGYSGIFSVEGKSCINRCFYVELIRGRKEETEVLWTSNSIVVFCGTSGTYGTGSWPDGADLNLMHT,H3,N2,0.23645092702848264
A/New_York/03/2021,H3N2,NA,2021-09-16,EPI1940631,MNPNQKIITIGSVSLTISTICFFMQIAILITTVTLHFKQYEFNSPPNNQVMLCEPTIIERNITEIVYLTNTTIEKEICPKPAEYRNWSKPQCGITGFAPFSKDNSIRLSAGGDIWVTREPYVSCDLDKCYQFALGQGTTLNNVHSNNTVRDRTPYRTLLMNELGVPFHLGTKQVCIAWSSSSCHDGKAWLHVCITGDDKNATASFIYNGRLVDSVVSWSNDILRTQESECVCINGTCAVVMTDGNATGKADTKILFIEEGKIVHTSKLSGSAQHVEECSCYPRYSGVRCVCRDNWKGSNRPIIDINIKDHSIVSRYVCSGLVGDTPRKSDSSSSSHCLNPNNEKGGHGVKGWAFDDGNDVWMGRTINETSRLGYETFKVVEGWSNPKSKLQINRQVIVDRGDRSGYSGIFSVEGKSCINRCFYVELIRGRKEETEVLWTSNSIVVFCGTSGTYGTGSWPDGANLSLMHI,H3,N2,0.23638910518693962
A/Ghana/2287/2020,H3N2,NA,2020-11-23,EPI1845855,MNPNQKIITIGSVSLTISTICFFMQTAILITTVTLHFKQYEFNSPPNNQVMLCEPTIIERNITEIVYLTNTTIEKEICPKPAEYRNWSKPQCGITGFAPFSKDNSIRLSAGGDIWVTREPYVSCDLDKCYQFALGQGTTLNNVHSNNTVRDRTPYRTLLMNELGVPFHLGTKQVCIAWSSSSCHDGKAWLHVCITGDDKNATASFIYNGRLVDSVVSWSNDILRTQESECVCINGTCTVVMTDGNATGKADTKILFIEEGKIIHTSKLSGSAQHVEECSCYPRYPGVRCVCRDNWKGSNRPIIDINIKDHSIVSSYVCSGLVGDTPRKSDSSSSSHCLNPNNEKGGHGVKGWAFDDGNDVWMGRTINETSRLGYETFKVVEGWSNPKSKLQINRQVIVDRGDRSGYSGIFSVEGKSCINRCFYVELIRGRKEETEVLWTSNSIVVFCGTSGTYGTGSWPDGADLNLMHI,H3,N2,0.23641195069608908
A/Bangladesh/1936/2020,H3N2,NA,2020-10-14,EPI1842397,MNPNRKIITIGSVSLTISTICFFMQIAILITTVTLHFKQYEFNSPPNNQVMLCEPTIIERNITEIVYLTNTTIEKEICPKPAEYRNWSKPQCGITGFAPFSKDNSIRLSAGGDIWVTREPYVSCDLDKCYQFALGQGTTLNNVHSNNTVRDRTPYRTLLMNELGVPFHLGTKQVCIAWSSSSCHDGKAWLHVCITGDDKNATASFIYNGRLVDSVVSWSNDILRTQESECVCINGTCTVVMTDGNATGKADTKILFIEEGKIVHTSKLSGSAQHVEECSCYPRYPGVRCVCRDNWKGSNRPIIDINIKDHSIVSRYVCSGLVGDTPRKSDSSSSSHCLNPNNEKGDHGVKGWAFDDGNDVWMGRTINETSRLGYETFKVVEGWSNPKSKLQINRQVIVDRGDRSGYSGIFSVEGKSCINRCFYVELIRGRKEETEVLWTSNSIVVFCGTSGTYGTGSWPDGANLSLMHI,H3,N2,0.23637018858457326
A/Nigeria/6075/2021,H3N2,NA,2021-06-17,EPI1942436,MNPNQKIITIGSVSLTISTICFFMQIAILITTVTLHFKQYEFNSPPNNQVMLCEPTIIERNITEIVYLTNTTIEKEICPKPAEYRNWSKPQCGITGFAPFSKDNSIRLSAGGDIWVTREPYVSCDLDKCYQFALGQGTTLNNVHSNNTVHDRTPYRTLLMNELGVPFHLGTKQVCIAWSSSSCHDGKAWLHVCITGDDKNATASFIYNGRLVDSVVSWSNDILRTQESECVCINGTCTVVMTDGNATGKADTKILFIEEGKIIHTSKLSGSAQHVEECSCYPRYPGVRCVCRDNWKGSNRPIIDINIKDHSIVSSYVCSGLVGDTPRKSDSSSSSHCLNPNNEKGGHGVKGWAFDDGNDVWMGRTINETSRLGYETFKVVEGWSNPKSKLQINRQVIVDRGDRSGYSGIFSVEGKSCINRCFYVELIRGRKEETEVLWTSNSIVVFCGTSGTYGTGSWPDGADLNLMHI,H3,N2,0.23636527176139402
A/Russia/33f44V/2021,H3N2,NA,2021-08-19,EPI1916757,MNPNQKIITIGSVSLTISTICFFMQIAILITTVTLHFKQYEFNSPPNNQVMLCEPTIIERNITEIVYLTNTTIEKEICPKPAEYRNWSKPQCGITGFAPFSKDNSIRLSAGGDIWVTREPYVSCDLDKCYQFALGQGTTLNNVHSNNTVRDRTPYRTLLMNELGVPFHLGTKQVCIAWSSSSCHDGKAWLHVCITGDDKNATASFIYNGRLVDSVVSWSNDILRTQESECVCINGTCTVVMTDGNATGKADTKILFIEEGKIVHTSKLSGSAQHVEECSCYPRYPGVRCVCRDNWKGSNRPIIDINIKDHSIVSRYVCSGLVGDTPRKSDSSSSSHCLNPNNEKGGHGVKGWAFDDGNDVWMGRTINETSRLGYETFKVVEGWSNPKSKLQTNRQVIVDRGDRSGYSGIFSVEGKSCINRCFYVELIRGRKEETEVLWTSNSIVVFCGTSGTYGTGSWPDGANLSLMHI,H3,N2,0.2364477858808427
A/Taiwan/1/2021,H1N2,NA,2021-03-14,EPI1918928,MNPIKKIITIGSVSLTITSICFLMQIVILLTTVKLHFKQHECNSPPNNQVMQCEPIIIERNITEIAYVNNTTIEKEVCPKLVEYRNWSKPQCKITGFAPFSKDNSIRLSAGGDIWVTREPYVSCDNSKCYQFALGQGTTLDNKHSNDTIHDRTPYRTLLMNELGVPFHLGTRQVCIAWSSSSCYDGKAWLHVCITGHDTNATASFIYDGRLVDSIGSWSKNILRTQESECICINGTCTVVMTDGSASGRADTKILFIEEGKIVYISPLSGSAQHVEECSCYPRYPNVRCVCRDNWKGSNRPIVDINVKEHSVVSSYVCSGLVGDTPRVDDKTSSSDCQNPNNEKGGHGVKGWAFDDGNDVWMGRTIIEESRSGYETFKVIGGWSTPNSKSQINRQVIVDRNNRSGYSGIFSVEGKSCINRCFYVELIRGRRQETKVWWTSNSIVVFCGTSGTYGTGSWPDGADINFMPI,H1,N2,0.2327123230117738
A/South_Korea/MDCK/2020,H3N2,NA,2020-12-14,EPI2147051,MNPNQKIITIGSVSLTIATVCFLMQIAILVTTVTLHFKQYECDSPASNQVMPCEPIIIERNITEIVYLNNTTIEKEICPKVVEYRNWSKPQCQITGFAPFSKDNSIRLSAGGDIWVTREPYVSCDHGKCYQFALGQGTTLDNKHSNDTIHDRIPHRTLLMNELGVPFHLGTRQVCIAWSSSSCHDGKAWLHVCITGDDKNATASFIYDRRLVDSIGSWSQNILRTQESECVCINGTCTVVMTDGSASGRADTRILFIEEGKIVHISPLSGSAQHVEECSCYPRYPGVRCICRDNWKGSNRPVVDINMEDYSIDSSYVCSGLVGDTPRNDDRSSNSNCRNPNNERGNQGVKGWAFDNGDDVWMGRTISKDLRSGYETFKVIGGWSTPNSKSQINRQVIVDSDNRSGYSGIFSVEGKSCINRCFYVELIRGRKQETRVWWTSNSIVVFCGTSGTYGTGSWPDGANINFMPI,H3,N2,0.2387970609271063
A/Zambia/0153/2021,H3N2,NA,2021-06-25,EPI2003180,MNPNQKIITIGSVSLTISTICFFMQIAILITTVTLHFKQYEFNSPPNNQVMLCEPTIIERNITEIVYLTNTTIEKEICPKPAEYRNWSKPQCDITGFAPFSKDNSIRLSAGGDIWVTREPYVSCDLDKCYQFALGQGTTLNNVHSNNTVRDRTPYRTLLMNELGVPFHLGTKQVCIAWSSSSCHDGKAWLHVCITGDDKNATASFIYNGRLVDSVVSWSNDILRTQESECVCINGTCTVVMTDGNATGKADTKILFIEEGKIVHTSKLSGSAQHVEECSCYPRYPGVRCVCRDNWKGSNRPIIDINIKDHSIVSSYVCSGLVGDTPXKSDSSSSSHCLNPNNEKGGHGVKGWAFDDGNDVWMGRTINETSRLGYETFKVVEGWSNPKSKLQINRQVIVDRGDRSGYSGIFSVEGKSCINRCFYVELIRGRKEETEVLWTSNSIVVFCGTSGTYGTGSWPDGADLNLMHT,H3,N2,0.23646086798073152
A/Saudi_Arabia/VRG-57/2020,H3N2,NA,2020-12-13,EPI2201538,MNPNKKIITIGSVSLTISTICFFMQIAILITTVTLHFKQYEFNSPPNNQVMLCEPTIIERNITEIVYLTNTTIEKEICPKPAEYRNWSKPQCGITGFAPFSKDNSIRLSAGGDIWVTREPYVSCDLDKCYQFALGQGTTLNNVHSNNTVRDRTPYRTLLMNELGVPFHLGTKQVCIAWSSSSCHDGKAWLHVCITGDDKNATASFIYNGRLVDSVVSWSNDILRTQESECVCINGTCTVVMTDGNATGKADTKILFIEEGKIIHTSKLSGSAQHVEECSCYPRYPGVRCVCRDNWKGSNRPIIDINIKDHSIVSSYVCSGLVGDTPRKSDSSSSSHCLNPNNEKGGHGVKGWAFDDGNDVWMGRTINETSRLGYETFKVVEGWSNPKSKLQINRQVIVDRGDRSGYSGIFSVEGKSCINRCFYVELIRGRKEETEVLWTSNSIVVFCGTSGTYGTGSWPDGADLNLMPI,H3,N2,0.23641195069608908
A/Philippines/6/2021,H3N2,NA,2021-07-05,EPI1889180,MNPNQKIITIGSVSLTISTICFFMQIAILITTVTLHFKQYEFNSPPNNQVMLCEPTIIERNITEIVYLTNTTIEREICPKPAEYRNWSKPQCGITGFAPFSKDNSIRLSAGGDIWMTREPYVSCDPDKCYQFALGQGTTINNVHSNNTARDRTPHRTLLMNELGVPFHLGTKQVCIAWSSSSCHDGKAWLHVCITGDDKNATASFIYNGRLVDSVVSWSKDILRTQESECVCINGTCTVVMTDGNATGKADTKILFIEEGKIVHTSKLSGSAQHVEECSCYPRYPGVRCVCRDNWKGSNRPIVDINIKDHSIVSSYVCSGLVGDTPRKTDSSSSSHCLNPNNEKGVHGVKGWAFDDGNDVWMGRTINETSRLGYETFKVVEGWSNPKSKLQINRQVIVDRGDRSGYSGIFSVEGKSCINRCFYVELIRGRKEETEVLWTSNSIVVFCGTSGTYGTGSWPDGADLNLMHI,H3,N2,0.23633968072658346
A/Qatar/16-VI-21-3778452/2021,H3N2,NA,2021-08-02,EPI1922200,MNPNQKIITIGSVSLTISTICFFMQIAILITTVTLHFKQYEFNSPPNNQVMLCEPTIIERNITEIVYLTNTTIEKEICPKPAEYRNWSKPQCGITGFAPFSKDNSIRLSAGGDIWVTREPYVSCDLDKCYQFALGQGTTLNNVHSNNTVRDRTPYRTLLMNELGVPFHLGTKQVCIAWSSSSCHDGKAWLHVCITGDDKNATASFIYNGRXVDSVVSWSNDILRTQESECVCINGTCTVVMTDGNATGKADTKILFIEEGKIVHTSKLSGSAQHVEECSCYPRYPGVRCVCRDNWKGSNRPIIDINIKDHSIVSRYVCSGLVGDTPRKSDSSSSSHCLNPNNEKGDHGVKGWAFDDGNDVWMGRTINETSRLGYETFKVVEGWSNPKSKLQINRQVIVDRGDRSGYSGIFSVEGKSCINRCFYVELIRGRKEETEVLWTSNSIVVFCGTSGTYGTGSWPDGANLSLMHI,H3,N2,0.2363703928757958
A/Cote_D'Ivoire/1879/2021,H3N2,NA,2021-06-07,EPI1885441,MNPNQKIITIGSVSLTISTICFFMQIAILITTVTLHFKQYEFNSPPNNQVMLCEPTIIERNITEIVYLTNTTIEKEICPKPAEYRNWSKPQCGITGFAPFSKDNSIRLSAGGDIWVTREPYVSCDLDKCYQFALGQGTTLNNVHSNNTVRDRTPYRTLLMNELGVPFHLGTKQVCIAWSSSSCHDGKAWLHVCITGDDKNATASFIYNGRLVDSVVSWSNDILRTQESECVCINGTCTVVMTDGNATGKADTKILFIEEGKIIHTSKLSGSAQHVEECSCYPRYPGVRCVCRDNWKGSNRPIIDINIKDHSIVSSYVCSGLVGDTPRKSDSSSSSHCLNPNKEKGGHGVKGWAFDDGNDVWMGRTINETSRLGYETFKVVEGWSNPKSKLQINRQVIVDRGDRSGYSGIFSIEGKSCINRCFYVELIRGRKEETEVLWTSNSIVVFCGTSGTYGTGSWPDGADLNLMHI,H3,N2,0.2364149133813944
A/Kenya/GIHSN-HCL022161286601/2021,H3N2,NA,2021-08-24,EPI2251192,MNPNQKIITIGSVSLTISTICFFMQIAILITTVTLHFKQYEFNSPPNNQVMLCEPTIIERNITEIVYLTNTTIEKEICPKPAEYRNWSKPQCDITGFAPFSKDNSIRLSAGGDIWVTREPYVSCDLDKCYQFALGQGTTLNNVHSNNTVLDRTPYRTLLMNELGVPFHLGTKQVCIAWSSSSCYDGKAWLHVCITGDDKNATASFIYNGRLVDSVVSWSNDILRTQESECVCINGTCTVVMTDGNATGKADTKILFIEEGKIVHTSKLSGSAQHVEECSCYPRYPGVRCVCRDNWKGSNRPIIDINIKDHSIVSSYVCSGLVGDTPRKSDSSSSSHCLNPNNEKGGHGVKGWAFDDGNDVWMGRTINETSRLGYETFKVVEGWSNPKSKLQINRQVIVDRGDRSGYSGIFSVEGKSCINRCFYVELIRGRKEETEVLWTSNSIVVFCGTSGTYGTGSWPDGADLNLMHT,H3,N2,0.23611514617442517
A/Kenya/GIHSN-HCL022160033501/2021,H3N2,NA,2021-09-20,EPI2250914,MNPNQKIITIGSVSLTISTICFFMQIAILITTVTLHFKQYEFNSPPNNQVMLCEPTIIERNITEVVYLTNTTIEKEICPKPAEYRNWSKPQCDITGFAPFSKDNSIRLSAGGDIWVTREPYVSCDLDKCYQFALGQGTTLNNVHSNNTVRDRTPYRTLLMNELGVPFHLGTKQVCIAWSSSSCYDGKAWLHVCITGDDKNATASFIYNGRLVDSVVSWSNDILRTQESECVCINGTCTVVMTDGNATGKADTKILFIEEGKIVHTSKLSGSAQHVEECSCYPRYPGVRCVCRDNWKGSNRPIIDINIKDHSIVSSYVCSGLVGDTPRKSDSSSSSHCLNPNNEKGGHGVKGWAFDDGNDVWMGRTINETSRLGYETFKVVEGWSNPKSKLQINRQVIVDRGDRSGYSGIFSVEGKSCINRCFYVELIRGRKEETEVLWTSNSIVVFCGTSGTYGTGSWPDGADLNLMHT,H3,N2,0.23614149413828975
A/Pakistan/ICT9/2021,H3N2,NA,2021-09-21,EPI1967859,MNPNQKIITIGSVSLTISTICFFMQIAILITTVTLHFKQYEFNSPPNNQVMLCEPTIIERNITEIVYLTNTTIEKEICPKPAEYRNWSKPQCGITGFAPFSKDNSIRLSAGGDIWVTREPYVSCDLDKCYQFALGQGTTLNNVHSNNTVRDRTPYRTLLMNELGVPFHLGTKQVCIAWSSSSCHDGKAWLHVCITGDDKNATASFIYNGKLVDSVVSWSNDILRTQESECVCINGTCTVVMTDGNATGKADTKILFIEEGKIVHTSKLSGNAQHVEECSCYPRYPGVRCVCRDNWKGSNRPIIDINIKDHSIVSRYVCSGLVGDTPRKSDSSSSSHCLNPNNEKGDHGVKGWAFDDGNDVWMGRTINETSRLGYETFKVVEGWSNPKSKLQTNRQVIVDRGDRSGYSGIFSVEGKSCINRCFYVELIRGRKEETEVLWTSNSIVVFCGTSGTYGTGSWPDGANLSLMHI,H3,N2,0.2363769062643982
A/Beirut/5509/2021,H3N2,NA,2021-09-01,EPI1937532,MNPNQKIITIGSVSLTISTICFFMQIAILITTVTLHFKQYEFNSPTNNQVMLCEPTIIERNITEIVYLTNTTIEKEICPKPAEYRNWSKPQCGITGFAPFSKDNSIRLSAGGDIWVTREPYVSCDLDKCYQFALGQGTTLNNVHSNNTVRDRTPYRTLLMNELGVPFHLGTKQVCIAWSSSSCHDGKAWLHVCITGDDKNATASFIYNGRLVDSVVSWSNDILRTQESECVCINGTCTVVMTDGNATGKADTKILFIEEGKIVHTSKLSGSAQHVEECSCYPRYPGVRCVCRDNWKGSNRPIIDINIKDHSIVSRYVCSGLVGDTPRKSDSSSSSHCLNPNNEKGGHGVKGWAFDDGNDVWMGRTINETSRLGYETFKVVEGWSNPKSKLQINRQVIVDRGDRSGYSGIFSVEGKSCINRCFYVELIRGRKEETEVLWTSNSIVVFCGTSGTYGTGSWPDGANLSLMHI,H3,N2,0.23644176948021275
A/Mato_Grosso/_IAL/C8817/2021,H3N2,NA,2021-01-04,EPI1984053,MNPNQKIITIGSVSLTISTICFFMQIAILITTVTLHFKQYEFNPPPNNQVMLCEPTIIERNITEIVYLTNTTIEKEICPKPAEYRNWSKPQCGITGFAPFSKDNSIRLSAGGDIWVTREPYVSCDLDKCYQFALGQGTTLNNVHSNNTVRDRTPYRTLLMNELGVPFHLGTKQVCIAWSSSSCHDGKAWLHVCITGDDKNATASFIYNGRLVDSVVSWSNDILRTQESECVCINGTCTVVMTDGNATGKADTKILFIEEGKIVHTSKLSGSAQHVEECSCYPRYPGVRCVCRDNWKGSNRPIIDINIKDHSIVSRYVCSGLVGDTPRKNDSSSSSHCLNPNNEKGDHGVKGWAFDDGNDVWMGRTINETSRLGYETFKVVEGWSNPKSKLQINRQVIVDRGDRSGYSGIFSVEGKSCINRCFYVELIRGRKEETEVLWTSNSIVVFCGTSGTYGTGSWPDGANLSLMHI,H3,N2,0.23082006467923138
A/Nepal/21FL2637/2021,H3N2,NA,2021-08-10,EPI1922778,MNPNQKIITIGSFSLTISTICFFMQIAILITTVTLHFKQYEFNSPPNNQVMLCEPTVIERNITEIVYLTNTTIEKEICPKPAEYRNWSKPQCGITGFAPFSKDNSIRLSAGGDIWVTREPYVSCDLDKCYQFALGQGTTLNNVHSNNTVRDRTPYRTLLMNELGVPFHLGTKQVCIAWSSSSCHDGKAWLHVCITGDDKNATASFIYNGRLVDSVVSWSNDILRTQESECVCINGTCTVVMTDGNATGKADTKILFIEEGKIVHTSKLSGSAQHVEECSCYPRYPGVRCVCRDNWKGSNRPIIDINIKDHSIVSRYVCSGLVGDTPRKNDSSSSSHCLNPNNEKGDHGVKGWAFDDGNDVWMGRTINETSRLGYETFKVVEGWSNPKSKLQINRQVIVDRGDRSGYSGIFSVEGKSCINRCFYVELIRGRKEETEVLWTSNSIVVFCGTSGTYGTGSWPDGANLSLMHI,H3,N2,0.23625803342209
A/Hunan/00468/2021,H9N2,NA,2021-01-27,EPI1884697,MNPNQKITAIGSVSLIIAIICLLMQIAILTTTMTLHFGQKECSNPSNNQVMPCEPIIIERNTVHLNSTVIEREICPKVAEYKNWSKPQCLITGFAPFSKDNSIRLSAGGDIWVTREPYVSCSSNKCYQFALGQGTTLKNEHSNGTTHDRTPHRTLLMNELGVPFHLGTKQVCVAWSSSSCYDGKAWLHICVTGDDNNATASIIYDGMLVDSIGSWSKKILRTQESECVCINGTCAVVMTDGSASGVADTRVLFIREGKIINIRPLSGSAQHVEECSCYPRYPEIRCVCRDNWKGSNRPIIYINMADYSIESSYVCSGLVGDTPRNGDSSSSSNCRDPNNEKGTPGVKGWAFDDGNDVWMGRTIKNSSRSGYETFRVINGWTIANSKLQINRQVIVDSDNWSGYSGIFSVEGKECINRCFYVELIRGRPQEPRVWWTSNSIVVFCGTSGTYGTGSWPDGANINFMPI,H9,N2,0.33119249885992413
A/Parana/28600/2020,H1N2,NA,2020-11-18,EPI1838871,MNPNQKIITIGSISLTIALMCFLMQVAILVTTVTLHFKQYECNPAPNNQVMLCEPTVIERNITKIVYLTNTTVEKEICPKPVEYRNWSKPQCKITGFAPFSKDNSIRLSAGGDIWVTREPYVSCTPNKCYQFALGQGTTLNNRHSNDTVHDRTPYRTLLMNELGIPFHLGTKQVCIAWSSSSCHDGKAWLHVCITGHDTNATASFIYGGRLVDSIGSWSKNILRTQESECVCINGTCTVVMTDGSASGRADTKILFIKEGKIVHISQLSGSAQHVEECSCFPRYPGVRCVCRDNWKGSNRPIVDINVRDYSITSSYVCSGLVGDTPRKNDSFSSSHCLNPNNEEGGHGVKGWAFDDGEDVWMGRTISEKLRSGYETFKVIKGWSKPNSKLQINRQVIVDRDNRSGYSGIFSVEGKNCINRCFYVELIRGRKQETEVWWTSNSIVVFCGTSGTYGTGSWPDGADLNLMPI,H1,N2,0.23525420419863097
A/Germany/12219/2021,H3N2,NA,2021-09-09,EPI1918784,MNPNQKIITIGSVSLTISTICFFMQIAILITTVTLHFKQYKFNSPPNNQVMLCEPTIIERNITEIVYLTNTTIEKEICPKPAEYRNWSKPQCGITGFAPFSKDNSIRLSAGGDIWVTREPYVSCDLDKCYQFALGQGTTLNNVHSNNTVRDRTPYRTLLMNELGVPFHLGTKQVCIAWSSSSCHDGKAWLHVCITGDDKNATASFIYNGRLVDSVVSWSNDILRTQESECVCINGTCTVVMTDGNATGKADTKILFIEEGKIVHTSKLSGSAQHVEECSCYPRYPGVRCVCRDNWKGSNRPIIDINIKDHSIVSRYVCSGLVGDTPRKSDSSSSSHCLNPNNEKGDHGVKGWAFDDGNDVWMGRTINETSRLGYETFKVVEGWSNPKSKLQINRQVIVDRGDRSGYSGIFSVEGKSCINRCFYVELIRGRKEETEVLWTSNSIVVFCGTSGTYGTGSWPDGANLSLMHI,H3,N2,0.23637018858457326
A/Congo/23/2021,H3N2,NA,2021-01-06,EPI1851986,MNPNQKIITIGSVSLTISTICFFMQIAILITTVTLHFKQYEFNSPPNNQVMLCEPTIIERNITEIVYLTNTTIEKEICPKPAEYRNWSKPQCGITGFAPFSKDNSIRLSAGGDIWVTREPYVSCDLDKCYQFALGQGTTLNNVHSNNTVRDRTPYRTLLMNELGVPFHLGTKQVCIAWSSSSCHDGKAWLHVCITGDDKNATASFIYNGRLVDSVVSWSNDILRTQESECVCINGTCTVVMTDGNATGKADTKILFIEEGKIIHTSRLSGSAQHVEECSCYPRYPGVRCVCRDNWKGSNRPIIDINIKDHSIVSSYVCSGLVGDTPRKSDSSSSSHCLHPNNEKGGHGVKGWAFDDGNDVWMGRTINETSRLGYETFKVVEGWSNPKSKLQINRQVIVDRGDRSGYSGIFSVEGKSCINRCFYVELIRGRKEETEVLWTSNSIVVFCGTSGTYGTGSWPDGADLNLMHI,H3,N2,0.23641993720517226
A/Maldives/581/2021,H3N2,NA,2021-09-23,EPI2194696,MNPNQKIITIGSVSLTISTICFFMQIAILITTVTLHFKQYEFNSPPNNQVMLCEPTVIERNITEIVYLTNTTIEKEICPKPAEYRNWSKPQCGITGFAPFSKDNSIRLSAGGDIWVTREPYVSCDLDKCYQFALGQGTTLNNVHSNNTVRDRTPYRTLLMNELGVPFHLGTKQVCIAWSSSSCHDGKAWLHVCITGDDKNATASFIYNGRLVDSVVSWSNDILRTQESECVCINGTCTVVMTDGNATGKADTKILFIEEGKIVHTSKLSGSAQHVEECSCYPRYPGVRCVCRDNWKGSNRPIIDINIKDHSIVSRYVCSGLVGDTPRKNDSSSSSHCLNPNNEKGDHGVKGWAFDDGNDVWMGRTINETSRLGYETFKVVEGWSNPKSKLQINRQVIVDRGDRSGYSGIFSVEGKSCINRCFYVELIRGRKEETEVLWTSNSVVVFCGTSGTYGTGSWPDGANLSLMHI,H3,N2,0.2362510814961832
A/Qatar/10-VI-21-4396149/2021,H3N2,NA,2021-08-26,EPI2024255,MNPNQKIITIGSVSLTISTICFFMQIAILITTVTLHFKQYEFNSPPNNQVMLCEPTIIERNITEIVYLTNTTIEKEICPKPAKYRNWSKPQCGITGFAPFSKDNSIRLSAGGDIWVTREPYVSCDLDKCYQFALGQGTTLNNVHSNNTVRDRTPYRTLLMNELGVPFHLGTKQVCIAWSSSSCHDGKAWLHVCITGDDKNATASFIYNGRLVDSVVSWSNDILRTQESECVCINGTCTVVMTDGNATGKADTKILFIEEGKIVHTSKLSGSAQHVEECSCYPRYPGVRCVCRDNWKGSNRPIIDINIKDHSIVSRYVCSGLVGDTPRKSDSSSSSHCLNPNNEKGDHGVKGWAFDDGNDVWMGRTINETSRLGYETFKVVEGWSNPKSKLQINRQVIVDRGDRSGYSGIFSVEGKSCINRCFYVELIRGRKEETEVLWTSNSIVVFCGTSGTYGTGSWPDGANLSLMHT,H3,N2,0.23637007308356553
A/Ethiopia/3994/2021,H3N2,NA,2021-08-11,EPI1969539,MNPNQKIITIGSVSLTISTICFFMQIAILITTVTLHFKQYEFNSPPNNQVMLCEPTIIERNITEIVYLTNTTIEKEICPKPAEYRNWSKPQCGITGFAPFSKDNSIRLSAGGNIWVTREPYVSCDLDKCYQFALGQGTTLNNVHSNNTVRDRTPYRTLLMNELGVPFHLGTKQVCIAWSSSSCHDGKAWLHVCVTGDDKNATASFIYNGRLVDSVVSWSNDILRTQESECVCINGTCTVVMTDGNATGKADTKILFIEEGKIIHTSKLSGSAQHVEECSCYPRYPGVRCVCRDNWKGSNRPIIDINIKDHSIVSSYVCSGLVGDTPRKSDSSSSSHCLNPNNEKGGHGVKGWAFDDGNDVWMGRTINETSRLGYETFKVVEGWSNPKSKLQINRQVIVDRGDRSGYSGIFSVEGKSCINRCFYVELIRGRKEETEVLWTSNSIVVFCGTSGTYGTGSWPDGADLNLMHI,H3,N2,0.23641907963936618
A/YAMAGATA/2/2021,H3N2,NA,2021-02-09,EPI1884213,MNPNQKIITIGSVSLTISTICFFMQIAILITTVTLHFKQYEFNSPPNNQVMLCEPTIIERNMTEIVYLTNTTIEKEICPKPAEYRNWSKPQCGITGFAPFSKDNSIRLSAGGDIWVTREPYVSCDLDKCYQFALGQGTTLNNVHSNNTVRDRTPYRTLLMNELGVPFHLGTKQVCIAWSSSSCHDGKAWLHVCITGDDKNATASFIYNGRLVDSVVSWSNDILRTQESECVCINGTCTVVMTDGNATGKADTKILFIEEGKIVHTSKLSGSAQHVEECSCYPRYPGVRCVCRDNWKGSNRPIIDINIKDHSIVSRYVCSGLVGDTPRKSDSSSSSHCLNPNNEKGDHGVKGWAFDDGNDVWMGRTINETSRLGYETFKVVEGWSNPKSKLQINRQVIVDRGDRSGYSGIFSVEGKSCINRCFYVELIRGRKEETEVLWTSNSIVVFCGTSGTYGTGSWPDGANLSLMHV,H3,N2,0.23638337346620406
