run ./color_L1.py
color grey80
set_color COL1, [0.282623,0.140926,0.457517]
color_L1 4edb.pdb,3 4 5 98 99 100 101 102 112 113 114 115 116 142 143 144 145 146 156 158 159 160 161 162 163 174 175 176 177 178 179 180 181 182 183 184 198 199 200 201 202 203 204 205 206 207 208 209 218 219 220 221 222 228 229 230 240 241 266 267 268 269 270 271 298 299 300 301 336 337 338 339 340, COL1, 0,1,0,grey80,A
set_color COL2, [0.282623,0.140926,0.457517]
color_L1 4edb.pdb,3 4 5 98 99 100 101 102 112 113 114 115 116 142 143 144 145 146 156 158 159 160 161 162 163 174 175 176 177 178 179 180 181 182 183 184 198 199 200 201 202 203 204 205 206 207 208 209 218 219 220 221 222 228 229 230 240 241 266 267 268 269 270 271 298 299 300 301 336 337 338 339 340, COL2, 0,0,0,grey80,C
set_color COL3, [0.282623,0.140926,0.457517]
color_L1 4edb.pdb,3 4 5 98 99 100 101 102 112 113 114 115 116 142 143 144 145 146 156 158 159 160 161 162 163 174 175 176 177 178 179 180 181 182 183 184 198 199 200 201 202 203 204 205 206 207 208 209 218 219 220 221 222 228 229 230 240 241 266 267 268 269 270 271 298 299 300 301 336 337 338 339 340, COL3, 0,0,0,grey80,E
set_color COL4, [0.282623,0.140926,0.457517]
color_L1 4edb.pdb,46 47 48 49 50 123 124 125 126 127 144 145 146 147 148, COL4, 0,0,0,grey80,B
set_color COL5, [0.282623,0.140926,0.457517]
color_L1 4edb.pdb,46 47 48 49 50 123 124 125 126 127 144 145 146 147 148, COL5, 0,0,0,grey80,D
set_color COL6, [0.282623,0.140926,0.457517]
color_L1 4edb.pdb,46 47 48 49 50 123 124 125 126 127 144 145 146 147 148, COL6, 0,0,0,grey80,F
set_color COL7, [0.253935,0.265254,0.529983]
color_L1 4edb.pdb,98 99 100 101 102 159 160 161 162 177 178 179 180 181 182 183 198 199 200 201 202 203 204 205 218 219 220 221 222 267 268 269 270 336 337 338 339 340, COL7, 0,0,0,grey80,A
set_color COL8, [0.253935,0.265254,0.529983]
color_L1 4edb.pdb,98 99 100 101 102 159 160 161 162 177 178 179 180 181 182 183 198 199 200 201 202 203 204 205 218 219 220 221 222 267 268 269 270 336 337 338 339 340, COL8, 0,0,0,grey80,C
set_color COL9, [0.253935,0.265254,0.529983]
color_L1 4edb.pdb,98 99 100 101 102 159 160 161 162 177 178 179 180 181 182 183 198 199 200 201 202 203 204 205 218 219 220 221 222 267 268 269 270 336 337 338 339 340, COL9, 0,0,0,grey80,E
set_color COL10, [0.253935,0.265254,0.529983]
color_L1 4edb.pdb,46 47 48 49 50 123 124 125, COL10, 0,0,0,grey80,B
set_color COL11, [0.253935,0.265254,0.529983]
color_L1 4edb.pdb,46 47 48 49 50 123 124 125, COL11, 0,0,0,grey80,D
set_color COL12, [0.253935,0.265254,0.529983]
color_L1 4edb.pdb,46 47 48 49 50 123 124 125, COL12, 0,0,0,grey80,F
set_color COL13, [0.206756,0.371758,0.553117]
color_L1 4edb.pdb,98 99 100 101 102 159 160 161 162 180 181 182 198 199 200 201 202 203 204 340, COL13, 0,0,0,grey80,A
set_color COL14, [0.206756,0.371758,0.553117]
color_L1 4edb.pdb,98 99 100 101 102 159 160 161 162 180 181 182 198 199 200 201 202 203 204 340, COL14, 0,0,0,grey80,C
set_color COL15, [0.206756,0.371758,0.553117]
color_L1 4edb.pdb,98 99 100 101 102 159 160 161 162 180 181 182 198 199 200 201 202 203 204 340, COL15, 0,0,0,grey80,E
set_color COL16, [0.206756,0.371758,0.553117]
color_L1 4edb.pdb,, COL16, 0,0,0,grey80,B
set_color COL17, [0.206756,0.371758,0.553117]
color_L1 4edb.pdb,, COL17, 0,0,0,grey80,D
set_color COL18, [0.206756,0.371758,0.553117]
color_L1 4edb.pdb,, COL18, 0,0,0,grey80,F
set_color COL19, [0.163625,0.471133,0.558148]
color_L1 4edb.pdb,180 181 200 201 202 203 204, COL19, 0,0,0,grey80,A
set_color COL20, [0.163625,0.471133,0.558148]
color_L1 4edb.pdb,180 181 200 201 202 203 204, COL20, 0,0,0,grey80,C
set_color COL21, [0.163625,0.471133,0.558148]
color_L1 4edb.pdb,180 181 200 201 202 203 204, COL21, 0,0,0,grey80,E
set_color COL22, [0.163625,0.471133,0.558148]
color_L1 4edb.pdb,, COL22, 0,0,0,grey80,B
set_color COL23, [0.163625,0.471133,0.558148]
color_L1 4edb.pdb,, COL23, 0,0,0,grey80,D
set_color COL24, [0.163625,0.471133,0.558148]
color_L1 4edb.pdb,, COL24, 0,0,0,grey80,F
set_color COL25, [0.127568,0.566949,0.550556]
color_L1 4edb.pdb,200 201 202 203 204, COL25, 0,0,0,grey80,A
set_color COL26, [0.127568,0.566949,0.550556]
color_L1 4edb.pdb,200 201 202 203 204, COL26, 0,0,0,grey80,C
set_color COL27, [0.127568,0.566949,0.550556]
color_L1 4edb.pdb,200 201 202 203 204, COL27, 0,0,0,grey80,E
set_color COL28, [0.127568,0.566949,0.550556]
color_L1 4edb.pdb,, COL28, 0,0,0,grey80,B
set_color COL29, [0.127568,0.566949,0.550556]
color_L1 4edb.pdb,, COL29, 0,0,0,grey80,D
set_color COL30, [0.127568,0.566949,0.550556]
color_L1 4edb.pdb,, COL30, 0,0,0,grey80,F
set_color COL31, [0.134692,0.658636,0.517649]
color_L1 4edb.pdb,200 201 202 203 204, COL31, 0,0,0,grey80,A
set_color COL32, [0.134692,0.658636,0.517649]
color_L1 4edb.pdb,200 201 202 203 204, COL32, 0,0,0,grey80,C
set_color COL33, [0.134692,0.658636,0.517649]
color_L1 4edb.pdb,200 201 202 203 204, COL33, 0,0,0,grey80,E
set_color COL34, [0.134692,0.658636,0.517649]
color_L1 4edb.pdb,, COL34, 0,0,0,grey80,B
set_color COL35, [0.134692,0.658636,0.517649]
color_L1 4edb.pdb,, COL35, 0,0,0,grey80,D
set_color COL36, [0.134692,0.658636,0.517649]
color_L1 4edb.pdb,, COL36, 0,0,0,grey80,F
set_color COL37, [0.266941,0.748751,0.440573]
color_L1 4edb.pdb,200 201 202, COL37, 0,0,0,grey80,A
set_color COL38, [0.266941,0.748751,0.440573]
color_L1 4edb.pdb,200 201 202, COL38, 0,0,0,grey80,C
set_color COL39, [0.266941,0.748751,0.440573]
color_L1 4edb.pdb,200 201 202, COL39, 0,0,0,grey80,E
set_color COL40, [0.266941,0.748751,0.440573]
color_L1 4edb.pdb,, COL40, 0,0,0,grey80,B
set_color COL41, [0.266941,0.748751,0.440573]
color_L1 4edb.pdb,, COL41, 0,0,0,grey80,D
set_color COL42, [0.266941,0.748751,0.440573]
color_L1 4edb.pdb,, COL42, 0,0,0,grey80,F
set_color COL43, [0.477504,0.821444,0.318195]
color_L1 4edb.pdb,201 202, COL43, 0,0,0,grey80,A
set_color COL44, [0.477504,0.821444,0.318195]
color_L1 4edb.pdb,201 202, COL44, 0,0,0,grey80,C
set_color COL45, [0.477504,0.821444,0.318195]
color_L1 4edb.pdb,201 202, COL45, 0,0,0,grey80,E
set_color COL46, [0.477504,0.821444,0.318195]
color_L1 4edb.pdb,, COL46, 0,0,0,grey80,B
set_color COL47, [0.477504,0.821444,0.318195]
color_L1 4edb.pdb,, COL47, 0,0,0,grey80,D
set_color COL48, [0.477504,0.821444,0.318195]
color_L1 4edb.pdb,, COL48, 0,0,0,grey80,F
set ray_opaque_background, 0
set_view (    -0.107686043,    0.598249078,   -0.794034779,     0.459203809,    0.738308251,    0.493982822,     0.881771803,   -0.311431885,   -0.354227066,     0.000000000,    0.000000000, -282.540802002,    18.762184143,   51.719478607,   62.844505310,   202.551422119,  362.530181885,  -20.000000000 )
png viridisrndfile.png1, dpi=1200, ray=1
set_view (     0.820026278,    0.477390289,   -0.315668732,    -0.477695227,    0.874692917,    0.081873596,     0.315201789,    0.083654091,    0.945322216,     0.000000000,    0.000000000, -320.854736328,    18.762184143,   51.719478607,   62.844505310,   240.865509033,  400.844116211,  -20.000000000 )
png viridisrndfile.png2, dpi=1200, ray=1
set_view (     0.387390643,    0.577329457,   -0.718753934,    -0.247406870,    0.816135585,    0.522201657,     0.888090014,   -0.024472144,    0.459000111,     0.000000000,    0.000000000, -280.427032471,    18.762184143,   51.719478607,   62.844505310,   200.437667847,  360.416412354,  -20.000000000 )
png viridisrndfile.png3, dpi=1200, ray=1
show surface
set_view (    -0.107686043,    0.598249078,   -0.794034779,     0.459203809,    0.738308251,    0.493982822,     0.881771803,   -0.311431885,   -0.354227066,     0.000000000,    0.000000000, -282.540802002,    18.762184143,   51.719478607,   62.844505310,   202.551422119,  362.530181885,  -20.000000000 )
png viridisrndfile.png4, dpi=1200, ray=1
set_view (     0.820026278,    0.477390289,   -0.315668732,    -0.477695227,    0.874692917,    0.081873596,     0.315201789,    0.083654091,    0.945322216,     0.000000000,    0.000000000, -320.854736328,    18.762184143,   51.719478607,   62.844505310,   240.865509033,  400.844116211,  -20.000000000 )
png viridisrndfile.png5, dpi=1200, ray=1
set_view (     0.387390643,    0.577329457,   -0.718753934,    -0.247406870,    0.816135585,    0.522201657,     0.888090014,   -0.024472144,    0.459000111,     0.000000000,    0.000000000, -280.427032471,    18.762184143,   51.719478607,   62.844505310,   200.437667847,  360.416412354,  -20.000000000 )
png viridisrndfile.png6, dpi=1200, ray=1
quit
