name,subtype,date,ha_accession,ha_sequence,na_accession,na_sequence,ha_risk_0,na_risk_0,geom_mean_risk_0,emergence_0,emergence_low_0,emergence_high_0,ha_risk_1,na_risk_1,geom_mean_risk_1,emergence_1,emergence_low_1,emergence_high_1,ha_risk_3,na_risk_3,geom_mean_risk_3,emergence_3,emergence_low_3,emergence_high_3,ha_risk_6,na_risk_6,geom_mean_risk_6,emergence_6,emergence_low_6,emergence_high_6
A/Minnesota/19/2011,H1N2,2011-11-04,EPI347610,MKVKLLTLFCTFTATYADTICIGYHANNSTDTVDTVLEKNVTVTHSVNLLEDSHNGKLCLLKGIAPLQLGNCSVAGWILGNPECESLISKKSWSYIVETPNPENGACYPGEFADYEELREQLSSVSSFERFEIFPKESSWPNHTATGVSASCSHNGERSFYRNLIWLTVKNGLYPNLSKSYENDKEKEVLILWGVHHPPNIENQRTLYHTENAYVSVVSSHYSGRFTPEITKRPKVRDQEGRINYYWTLLEPGDTIIFEANGNLIAPWYAFTLSRGLGSGIITSNAPMDECDSKCQTPQGAINSSLPFQNVHPVTIGECPKYVRSAKLRMVTGLRNIPSIQSRGLFGAIAGFIEGGWTGMVDGWYGYHHQNEQGSGYAADQESTQNAINGITNKVNSVIEKMNTQFTAVGKEFNKLERRMENLNKKVDDGFLDIWTYNAELLVLLENERTLDFHDSNVKSLYEKVKSQLKNNAKEIGNGCFEFYHKCNNECMESVKNGTYDYPKYYEESKLNREKIDGVKLDSMGVYRILAIYSTVASSLVLLVSLGAISFWMCSNGSLQCRICI,EPI347609,MNPNQKIITIGSVSLIIATICFLMQIAILVTTVTLHFKQHDYNSPPNNQAMLCEPTIIERNTTEIVYLTNITIEKEICPKLAEYRNWSKPQCNITGFAPFSKDNSIRLSAGGDIWVTREPYVSCDPDKCYQFALGQGTTLNNGHSNNTVHDRTPYRTLLMNELGVPFHLGTRQVCMAWSSSSCHDGKAWLHVCITGNDNNATASFIYNGRLVDSIGSWSKNILRTQESECVCINGTCTVVMTDGSASGKADTKILFVEEGKIVHISTLSGSAQHVEECSCYPRFPGVRCVCRDNWKGSNRPIVDINVKNYSIVSSYVCSGLVGDTPRKGDSVSNSYCLDPNNEKGGHGVKGWAFDDGNDVWMGRTINETLRLGYETFKVIEGWSKANSKLQTNRQVIVEKGDRSGYSGIFSVEGKSCINRCFYVELIRGRKEETKVWWTSNSIVVFCGTSGTYGTGSWPDGADINLMPI,0.021215428593952798,2.5260973061597863e-05,0.000732067189677351,6.92394513387507,5.492251184859793,8.29235800060416,0.0176572570172308,3.151496824374544e-05,0.0007459677567895814,6.913657531150892,5.483405840675504,8.281078763381485,0.018252006565994898,2.2705257538757563e-05,0.0006437519007195305,6.992148721471593,5.550893049545802,8.367135814693995,0.017654789679304998,2.9947258018258712e-05,0.0007271262213565384,6.927629853984732,5.4954193299045215,8.29639789535227
A/Ohio/09/2015,H1N1,2015-04-21,EPI590132,MKAILIVLLYTFTTANADKICIGYHANNSTDTVDTVLEKNVTVTHSVNLLENKHNGKLCKLRGVAPLHLGKCNIAGWLLGNPECESLATASSWSYIVETSSSNNGTCYPGDFINYEELREQLSSVSSFEKFEIFPKTSSWPNHETNKGVTAACPHAGTNSFYKNLIWLVKKENSYPKINISYTNNRGKEVLVLWAIHHPPTSTDQQSLYQNANSYVFVGSSRYSRKFEPEIATRPKVRGQAGRMNYYWTLVEPGDKITFEATGNLVVPRYAFALKRNSGSGIIISETPVHDCDTTCQTPNGAINTSLPFQNIHPVTIGECPKYVKSTKLRMATGLRNIPSIQSRGLFGAIAGFIEGGWTGMIDGWYGYHHQNEQGSGYAADLKSTQNAIDGITNKVNSVIEKMNTQFTAVGKEFSHLERRIENLNKKVDDGFIDIWTYNAELLVLLENERTLDYHDSNVKTLYEKVRSQLKNNAKEIGNGCFEFYHKCDDTCMESVKNGTYDYPKYSEEAKLNREEIDGIKLESTRIYQILAIYSTVASSLVLVVSLGAISFWMCSNGSLQCRVCI,EPI590131,MNANQRIITIGTVCLIIGIISLLLQIGNMVSLWISHSIQTGGKNHTEMCNQNVITYVNNTWVNRTYVNISNTKIVNVQDVVSVILTGNSSLCSISGWAIYSKDNSIRIGSKGDIFVIREPFISCSHLECRTFFLTQGALLNDKHSNGTVKDRSPYRTLMSCPIGEAPSPYNSRFESVAWSASACHDGIGWLTIGISGPDNGAVAVLKYNGIITDTIKSWRNKILRTQESECVCMNGSCFAVLTDGPSNGQASYKIFKVKQGKIIKSIELDAPNYHYEECSCYPDAGKVMCVCRDNWHASNRPWVSFDQDLNYQIGYICSGVFGDNPRSNDGKGNCGPVHSNGANGVKGFSYRYGNGVWIGRTKSIHSRSGFEMIWDPNGWTGTDSSFSMKQDIIALTDWSGYSGSFVQHPELTGMNCIRPCFWVELIRGQPKENTIWASGSSISFCGVNGETASWSWPDGADLPFTIDK,0.0008482303561266,0.006185532387819,0.0022905799135049467,6.174271794036318,4.847677429977523,7.470422738690962,0.0011696945257766,0.008251354414124999,0.003106696652144299,5.939029995704116,4.645415082901316,7.212505698228113,0.0011349755159152,0.008306131896231899,0.0030703837437990543,5.948309001918288,4.65339322959429,7.222679119100436,0.0010746270852785,0.0086413835859583,0.003047337338686323,5.954247112502807,4.658498853648085,7.229189611363114
A/Hunan/42443/2015,H1N1,2015-07-02,EPI691395,MEARLFVLFCAFTTLKADTICVGYHANNSTDTVDTILEKNVTVTHSVNLLENSHNGKLCSLNGKIPLQLGNCSVAGWILGNPKCDLLLTANSWSYIIETSNSKNGACYPGEFADYEELKEQLSTVSSFERFEIFPKATSWPNHDTTRGTTVACSHSGANSFYRNLLWIVKKGNSYPKLSKSYTNNKGKEVLVIWGVHHPPTDSDQQTLYQNNHTYVSVGSSKYYKRFTPEIVARPKVREQAGRMNYYWTLLDQGDTITFEATGNLIAPWHAFALKKGSSSGIMRSDAQVHNCTTKCQTPHGALKGNLPFQNVHPVTIGECPKYVKSTQLRMATGLRNIPSIQSRGLFGAIAGFIEGGWTGMVDGWYGYHHQNEQGSGYAADQKSTQIAIDGISNKVNSVIEKMNIQFTSVGKEFNSLEKRMENLNKKVDDGFLDVWTYNAELLILLENERTLDFHDLNVKNLYEKVKSQLRNNAKEIGNGCFEFYHKCDNECMESVKNGTYNYPKYSEESKLNREEIDGVKLESMGIHQILAIYSTVASSLVLLVSLGAISFWMCSNGSLQCRVCI,EPI691397,MNPNQKIITIGSICMAIGIASLILQIGNIISIWISHSIQTENQNQSEICNQNVITYENNTWVNQTYVNVSNTNFVTEQVVASVKLAGNSSLCPVSGWAIYSKDNSVRIGSKGDVFVIREPFISCSHLECRTFFLTQGALLNDKHSNGTIKDRSPYRTLMSCPIGEVPSPYNSRFESVAWSASACHDGTSWLTIGISGPDNGAVAVLKYNGIITDTIKSWRKNILRTQESECACVNGSCFTVMTDGPSNGQASYKIFKIERGKVVKSVELNAPNYHYEECSCYPESNEIICVCRDNWHGSNRPWVSFNQNLEYQIGYICSGIFGDNPRPNDKTGSCGPVFPNGANGVKGFSFKYGNGVWIGRTKSTSSRMGFEMIWDPDGWTRTDDKFSVKQDIIGITDWSGYSGSFVQHPELTGLDCMRPCFWVELIRGRPKENTIWTSGSSISFCGVNSDTVGWSWPDGAELPFTIDK,0.0001869805477148,1e-05,4.324124740508766e-05,7.67484642727946,6.137880741780849,9.115639580015866,0.0001869805477148,1e-05,4.324124740508766e-05,7.67484642727946,6.137880741780849,9.115639580015866,1e-05,1e-05,1e-05,7.732746385774188,6.187663482704384,9.179120585703442,0.0008548692145628,1e-05,9.24591377075733e-05,7.595319196083721,6.069502738585145,9.028446622592355
A/Iowa/39/2015,H1N1,2015-08-07,EPI638970,MKAILVVLLYTFTTANADTLCIGYHANNSTDTVDTVLEKNVTVTHSVNLLENRHNGKLCKLRGVAPLHLGKCNIAGWILGNPECESLSTASSWSYIVETSNSENGTCYPGDFINYEELREQLSSVSSFERFEIFPKTSSWPNHDTNKGVTAACPHSGTNSFYRNLVWLVQKGNSYPKINKSYINNKENEVLVLWAIHHPSTSADQQSLYKNADAYVFVGSSRYSRKFEPEIATRPKVRDQAGRMNYYWTLVEPGDKITFEATGNLVAPRYAFTLKRNSGSGIIISDTSVHDCDTTCQTPNGAINTSLPFQNIHPVTIGECPKYVKSTKLRMATGLRNIPSIQSRGLFGAIAGFIEGGWTGMIDGWYGYHHQNEQGSGYAADLKSTQNAIDGITNKVNSVIEKMNTQFTAVGKEFSHLERRIENLNKKVDDGFLDIWTYNAELLVLLENERTLDYHDSNVKNLYEKVRSQLKNNAKEIGNGCFEFYHKCDDMCMESVKNGTYDYPKYSEEAKLNREEIDGVKLESTKIYQILAIYSTVASSLVLVVSLGAISFWMCSNGSLQCRICI,EPI638969,MNTNQRIITIGTVCMIVGMISLLLQIGSIVSLWISHSIQTGWENHTGVCNQSVITYVNNTWVNRTYVNISNIKIATIQDVTPIILAGNSSLCPVNGWAVYSKDNSIRIGSKGDIFVIREPFISCSQLECRTFFLTQGALLNDKHSNGTVKDRSPYRTLMSCPIGEAPSPYNSRFESVAWSASACHDGMGWLTIGISGPDNGAVAVLKYNGIITDTIKSWRNKILRTQESECVCMNGSCFTVLTDGPSNGQASYKIFKVEKGKIIKSIELDAPNYHYEECSCYPDTGKVMCVCRDNWHASNRPWVSFNQNLDYQIGYICSGVFGDNPRSTDGKGNCGPVLSNGANGVKGFSYRYGNGVWIGRTKSINSRSGFEMIWDPNGWTETDSSFSMKQDIIALNDYSGYSGSFVQHPELTGMNCIRPCFWVELIRGQPKESTIWASGSSISFCGVNSETASWSWPDGADLPFAIDK,0.001794037697914,0.0007938534536809,0.0011933997748125981,6.632307979083148,5.241499762956696,7.972609586902964,0.0015819359090691,0.0005976386637492001,0.0009723302231407461,6.760584461208949,5.351792672352007,8.113250794653599,0.00046589217305470005,0.0008500590457194001,0.0006293137977472097,7.003797718234312,5.560908928709349,8.379907672377037,0.0026988573734668,0.0016983872521570001,0.0021409588876216044,6.224803523913747,4.891124922554486,7.525825283272131
A/Parana/720/2015,H1N2,2015-11-27,EPI768456,MKIKLLILLCTFTATYADTICTGYHANNSTDTVDTVLEKNVTVTHSVNLLEDSHNGKLCILKGIAPLQLGNCSVAGWILGNPECESLISKESWSYIVEKPNPENGTCYPGYFADYEELREQLSSVSSFERFEIFPRESSWPNHNVTGVSASCSYNGKRNFYKNLLWITSKNGLYPNLSKSYTNNKEKEVLILWGVHHPSNIGDQRTLYHTENAYVSVVSSHYGRRFAPEIIKRPKVRDQEGRINYYWTLLEPGDTIIFEANGNLIAPWYAFALSRGLGSGIITSNAPMDECETKCQTPRGAINSSLPFQNVHPVTIGECPKYVRSAKLRMVTGLRNIPSIQSRGLFGAIAGFIEGGWTGMIDGWYGYHHQNEQGSGYAADKKSTQTAINGITNKVNSVIEKMNTQFTAVGKEFNNLERRMENLNKKVDDGFLDIWTYNAELLVLLENERTLDFHDSNVKNLYEKIKNQLKNNAKEIGNGCFEFYHKCNNECMESVKNGTYDYPKYSEESRLNREKIDGVKLESMGVYQILAIYSTVASSLVLLVSLGAISFWMCSNGSLQCRICI,EPI768455,MNPNQKIITIGSISLTIALMCFLMQVVILVTTVTLHFKQYECNPAPNNQVMLCEPTVIERNITKIVYLTNTTVEKEICPKPVEYRNWSKPQCKITGFAPFSKDNSIRLSAGGDIWVTREPYVSCAPNKCYQFALGQGTTLNNRHSNDTVHDRTPYRTLLMNELGIPFHLGTKQVCIAWSSSSCHDGKAWLHVCITGHDTNATASFIYDGRLVDSIGSWSKNILRTQESECVCINGTCTVVMTDGSASGRADTKILFIKEGKIIHISQLSGSAQHVEECSCFPRYPGVRCVCRDNWKGSNRPIVDINVRDYSITSSYVCSGLVGDTPRKNDSFSSSHCLNPNNEEGGHGVKGWAFDDGEDVWMGRTISEKLRSGYETFKVIKGWSKPNSKLQINRQVIVDRDNRSGYSGIFSVEGKNCINRCFYVELIRGRKQETEVWWTSNSIVVFCGTSGTYGTGSWPDGADLNLMPI,0.1258445539816421,0.0061511931452424996,0.02782254765146385,4.049280316413206,3.0205966695506365,5.140600756360437,0.09866894552889109,0.007041455233634,0.026358546297008838,4.097947659676397,3.0624411510337928,5.193959203841381,0.1169385532689884,0.0037547707490264,0.020954175222324147,4.303958256774051,3.2395703312515853,5.419827412144979,0.008224134270366,0.004252721873584799,0.0059139627748983885,5.411144834159165,4.191536169724479,6.6337370459937075
A/Minnesota/45/2016,H1N2,2016-03-29,EPI760602,MKAILLVLLHTFAAANADTICIGYHANNSTDTVDTVLEKNVTVTHSVNLLEDKHNGKLCKLGGKAPLYLGKCNIAGWLLGNPECESILTVSSWSYIVETSNSDNGTCYPGSFTNYEELREQLSSVSSFEKFEIFPIESSWPNHKTGVTASCPDAGASSFYRNLMWLVKKGDSYPRLNISYVNNKRKEVLVLWGIHHPPTGNDQQWLYQNANASVFVGTSTYSQEFKPEIATRPKVRGQTGRMNYYWTLVEPGDTITFEATGNLVVPKYAFAMNRGSGSGIIVSDAPIHDCNTTCQTPKGALNTSLPFQNVHPVTIGECPKYVKSTKLKMATGLRNIPSIQSRGLFGAIAGFIEGGWTGMIDGWYGYHHQNDQGSGYAADQKSTQRAIDGITNKVNSVIEKMNTQFTAVGKEFNSLERRIENLNRKVDDGFLDVWTYNAELLILLENERTLDFHDSNVKNLYEKVRNQLRNNAKEIGNGCFEFYHKCDNTCMESVKNGTYNYLKYSEESKLNREEIDGVKLDSTRVYQILAIYSTVASSLVLLVSLGALSFWMCSNGSLQCRICI,EPI760601,MNPNQKIITIGSASLIIATICFLMQVAILVTTVTLHFKQHDCNSSPNNQVMLCEPTIIERNKTEIVYLTNTTVEKEICPKPAEYRNWSKPQCNIAGFAPFSKDNSIRLSAGGDIWVTREPYVSCDLDKCYQFALGQGTTLNNGHSNDTVHDRTPYRTLLMNELGVPFHLGTRQVCIAWSSSSCHDGKAWLHVCITGDDENATASFIYNGRLVDSIGSWSKNILRTQESECVCINGTCTVVMTDGSASGKADTRILFIVEGKIIHVSKLSGSAQHVEECSCYPRYPGVRCICRDNWKGSNRPIVDINVKDYSIVSSYVCSGLVGDTPRKNDRLSSSHCLDPNNEKGGHGVKGWAFDDGDDLWMGRTINETLRLGYETFKVIKGWSQPNSKLQTNRQVIVEKGNRSGYSGIFSVEGKNCINRCFYVELIRGRKEETRVWWTSNSIVVFCGTSGTYGTGSWPDGADINLMPI,0.12780436555906752,0.0005205850939450001,0.008156779244968463,5.136177588607513,3.955117638457267,6.332265374293791,0.1199263316378835,0.00042441954082090004,0.007134359018586427,5.251425670242219,4.054208648867533,6.458622358235345,0.0245036463010363,0.000700036781442,0.004141672813027439,5.707694802845034,4.4465116592719465,6.958871825676012,0.10346784079734969,0.000994158805924,0.01014216274068937,4.94684097363737,3.792324850768894,6.1246783734692505
A/Wisconsin/71/2016,H1N2,2016-06-09,EPI816890,MKVKLLILLCTFTAAYADTICIGYHANNSTDTVDTVLEKNVTVTHSVNLLEDSHNGKLCLLKGIAPLQLGNCSVAGWILGNPECESLISKESWSYIVEAPNSDNGACYPGQFADYEELREQLSSVSSFERFEIFPRESSWPNHTVTGVSASCSHNGERSFYRNLVWLTVKNGLYPNLSKSYENDKGKEVLILWGVHHPSNIGDQRTLYHTENAYVSVMSSHYSRRFTPIITKRPKVRDQEGRINYYWTLLEPGDTIIFETNGNLIAPWYAFALSRGLGSGIITSKAPMDECDAKCQTPKGAINSNLPFQNVHPVTIGECPKYVRSTKLRMVTGLRNIPSIQSRGLFGAIAGFIEGGWTGMVDGWYGYHHQNEQGTGYAADQESTQNAINGITNKVNSVIEKMNTQFTAVGKEFNKLERRLENLNKKVDDGFLDIWTYNAELLVLLENERTLDFHDSNVKSLYEKVKGQLKNNAKEIGNGCFEFYHKCNNECMESVRNGTYDYPKYSEESKLNREKIDGVKLDSMGVYRILSIYSTVASSLVLLVSLGAISFWMCSNGSLQCRICI,EPI816889,MNPNQKIITIGSVSLIIATICFLMQIAILVTTVTLHFKQHNCDSSPNNHVMFCEPTIIERNKTEIVYLTNTTVEKEICPKPTEYRNWSKPQCNITGFAPFSKDNSIRLSAGGDIWVTREPYVSCDNDKCYQFALGQGTTLNNGHSNDTVHDRTPYRTLLMNELGVPFHLGTRQVCIAWSSSSCHDGKAWLHVCITGDDKNATASFIYNGRLVDSIGSWSKNILRTQESECVCINGTCTVVMTDGSASGKADTKILFIEEGKIIHISTLSGSAQHVEECSCYPRYPGVRCVCRDNWKGSNRPIVDINVKDYSTVSSYVCSGLVGDTPRKNDSFSSSHCLDPNNEEGGHGVKGWAFDDGNDLWMGRTISEKSRLGYETFKVVKGWSKPNSKLQTNRQVIVDRGNRSGYSGIFSIEGKNCINRCFYVELIRGRKEETKVLWTSNSIVVFCGTSGTYGTGSWPDGADINLMPI,0.0019812992730615002,0.00027864730658710003,0.0007430233549368191,6.915827025266431,5.485271185078105,8.283457377664952,0.006729613610202499,0.0008547232974031,0.0023983239012195707,6.13953410473723,4.817809750766385,7.432336641406981,0.0122879891968094,0.0004103904106608,0.002245634193869091,6.189160931507138,4.860479202078142,7.48674705817306,0.008245237797894099,0.00041229090422920003,0.001843756097556978,6.3342779064510175,4.985251670920174,7.645852034260652
A/Netherlands/3315/2016,H1N1,2016-10-01,EPI888684,MKAKLFILFCAFTALKADTICVGYHANNSTDTVDTIMEKNVTVTHSVNLLENSHNGKLCSLNGKAPLQLGNCNVAGWILGNPECDLLITANSWSYIIETSNSKNGACYPGEFADYEELREQLSTVSSFERFEIFPKETSWPNHETTKGSTVACSHSGIKSFYRNLLWIVKKENSYPKISTSYTNNKGKEVLIIWGVHHPPTDSDQQTLYQNNHTYVSVGSSKYYKRFTPEIVARPKVREQAGRMNYYWTLLDQGDTITFEATGNLIAPWYAFALNKGSNSGIMMSDANVHNCTTKCQTPHGALKSNLPFQNVHPITIGECPKYVKSTQLRMATGLRNTPSVQSRGLFGAIAGFIEGGWTGMIDGWYGYHHQNEQGSGYAADQKSTQIAIDGISNKVNSIIEKMNIQFTSVGKEFNNLEKRIENLNKKVDDGLLDVWTYNAELLILLENERTLDFHDFNVKNLYEKVRSQLRNNAKEIGNGCFEFYHKCDNECMESVKNGTYNYPRYSEESKLNRERIDGVKLESVGVYQILAIYSTVASSLVLLVSLGAISFWMCSNGSLQCRICI,EPI888686,MNTNQKIIIISSICMTNGIASLILQIGNIISIWISHSIQTGNQNQTETCNQNVMVYENNTWVNQTYVNISNNFVAEQTVVSVKLAGNTSLCPVSGWAIYSKDNSVRIGSKGDVFVIREPFISCSHLECRTFFLTQGALLNDKHSNGTVKDRSPYRTLMSCPIGEVPSPYNSRFESVAWSASACHDGSNWLTIGISGPDNGAVAVLKYNDIITDTIKSWKNNILRTQESECACLNGSCFTVMTDGPSNGQASYKIFKIEKGKVIRSVELNAPNYHYEECSCYPDSGEITCVCRDNWHGSNRPWVSFNQNLEYQIGYICSGVLGDNPRPNDRTGNCGPVSSHGANGVKGFSFKYGDGIWIGRTKSTISRSGFEMIWDPNGWTGTDNDFSVKQDIVGMTDWTGYSGSFVQHPELTGLDCIRPCFWVELIRGRPKENTIWTSGSSISFCGVNSDTVGWSWPDGAELPFTIDK,0.004519313039160099,0.0915942954643515,0.020345596422929615,4.330345456342236,3.262258207960862,5.448758105869393,0.0108902364864681,0.0915942954643515,0.03158296278720887,3.9349646534563023,2.922307358462374,5.015266068063433,0.011175176089956499,0.0866186545622821,0.031112356346130653,3.948514762464354,2.9339578256435366,5.0301222885059005,0.0075364964276052,0.0935939487043445,0.026558811344933278,4.091135840779263,3.056584307191582,5.186490785462616
A/Iowa/32/2016,H1N2,2016-11-04,EPI864027,MKVKLLILLCTFTAAYADTICIGYHANNSTDTVDTLLEKNVTVTHSVNLLEDSHNGKLCLLKGIAPLQLGNCSVAGWILGNPECESLISKKSWSYIVEAPNSDNGACYPGQFTDYEELREQLSSVSSFERFEIFPRESSWPNHTVTGKSASCSHNGEGSFYRNLIWLTVKNGLYPNLSKSYKNEKGKEVLILWGVHHPSNIGDQRTLYHTENAYVSVMSSHYSRRFTPEITKRPKVRDQEGRINYYWTLLEPGDTIIFETNGNLIAPWYAFALSRGLGSGIITSKAPMDECDAKCQTPKGAINSNLPFQNVHPVTIGECPKYVRSTKLRMVTGLRNIPSIQSRGLFGAIAGFIEGGWTGMVDGWYGYHHQNEQGTGYAADQESTQNAINGITNKVNSVIEKMNTQFTAVGKEFNKLERRLENLNKKVDDGFLDIWTYNAELLVLLENERTLDFHDSNVKSLYEKVKSQLKNNAKEIGNGCFEFYHKCNNECMESVRNGTYDYPKYSEESKLNREKIDGVKLDSMGVYRILSIYSTVASSLVLLVSLGAISFWMCSNGSLQCRI,EPI864026,MNPNQKIITIGSVSLIIATICFLMQIAILVTTVTLHFKQHNCDSSPNNHVMFCEPTIIERNKTEIVYLTNTTVEKEICPKSTEYRNWSKPQCNITGFAPFSKDNSIRLSAGGDIWVTREPYVSCDHDKCYQFALGQGTTLNNGHSNDTVHDRTPYRTLLMNELGVPFHLGTRQVCIAWSSSSCHDGKAWLHVCITGDDENATASFIYNGRLVDSIGSWSKNILRTQESECVCINGTCTVVMTDGSASGKADTKILFIEEGKIIHISTLSGSAQHVEECSCYPRYPGVRCVCRDNWKGSNRPIVDINVKDFSTVSSYVCSGLVGDTPRKNDSFSSSHCLDPNNEEGGHGVKGWAFDDGDDLWMGRTISEKSRLGYETFKVVKGWSKPNSKLQTNRQVIVDRGNRSGYSGIFSIEGKNCINRCFYVELIRGRKEETKVLWTSNSIVVFCGTSGTYGTGSWPDGAD,0.004514249659437099,8.176754092874147e-05,0.0006075517210827241,7.021640341298239,5.5762501259136386,8.399470167509147,0.006917926378945599,0.0001869596644754,0.0011372656658288722,6.6632195791027335,5.268077747040175,8.00650079352333,0.006428262956048,0.00029190055070230005,0.001369822432627531,6.541431550187171,5.16336364967785,7.872973468853979,0.0128124556523789,0.0002416243782932,0.0017594890256592247,6.367853744248168,5.014120383054024,7.682664287767881
A/Ohio/24/2017,H1N2,2017-07-25,EPI1056725,MKAILLVLLHTFAAANADTICIGYHANNSTDTVDTVLEKNVTVTHSVNLLEDKHNGKLCKLGGKAPLYLGKCNIAGWLLGNPECESILTVSSWSYIVETSNSDNGTCYPGSFTNYEELREQLSSVSSFEKFEIFPIESSWPNHKTGVTASCPDAGASSFYRNLIWLVKKGNSYPRLNISYVNNKRKEVLVLWGIHHPPTGNDQQWLYQNANASVFVGTSTYSQEFKPEIATRPKVRGQTGRMNYYWTLVEPGDTITFEATGNLVVPKYAFAMNRGSGSGIIVSDAPIHDCNTTCQTPKGALNTSLPFQNVHPVTIGECPKYVKSTKLKMATGLRNIPSIQSRGLFGAIAGFIEGGWTGMIDGWYGYHHQNDQGSGYAADQKSTQRAIDGITNKVNSVIEKMNTQFTAVGKEFNSLERRIENLNRKVDDGFLDVWTYNAELLILLENERTLDFHDSNVKNLYEKVRNQLKNNAKEIGNGCFEFYHKCDNTCMESVKNGTYNYLKYSEESKLNREEIDGVKLDSTRVYQILAIYSTVASSLVLLVSLGALSFWMCSNGSLQCRICI,EPI1056724,MNPNQKIITIGSASLIIATICFLMQVAILVTTVTLHFKQHDCNPSPNNQVMLCEPTVIERNKTEIVYLTNTTVEKEICPKPAEYRNWSKPQCNIAGFAPFSKDNSIRLSAGGDIWVTREPYVSCDLDKCYQFALGQGTTLNNGHSNDTVHDRTPYRTLLMNELGVPFHLGTRQVCIAWSSSSCHDGKAWLHVCITGDDENATASFIYNGRLVDSIGSWSKNILRTQESECVCINGTCTVVMTDGSASGKADTRILFIVEGKIIHVSKLSGSAQHVEECSCYPRYPGVRCICRDNWKGSNRPIVDINVKDYSIVSSYVCSGLVGDTPRKNDRLSSSHCLDPNNEKGGHGVKGWAFDDGDDVWMGRTINETLRLGYETFKVIKGWSQPNSKLQTNRQVIVEKGNRSGYSGIFSVEGKNCINRCFYVELIRGRKEETRVWWTSNSIVVFCGTSGTYGTGSWPDGADINLMPI,1e-05,8.973434899083786e-05,2.9955692111990647e-05,7.697550669411103,6.157401989002601,9.140532311571487,1e-05,0.0002257346403221,4.7511539684807104e-05,7.667666533387435,6.131707424791031,9.107767607447228,0.0001570888855672,0.00027108431047900004,0.0002063597156130502,7.434076918978451,5.930865635627921,8.85166200691894,3.916220282108338e-05,0.00030232965740580004,0.00010881128324835892,7.57035340544235,6.048036998025697,9.001074349124423
A/Ohio/35/2017,H1N2,2017-08-17,EPI1056733,MKVKLIVLLCTFTATYADTICVGYHANNSTDTVDTVLEKNVTVTHSVNLLEDTHNGKLCLLKGIAPLQLGSCSVAGWILGNPECELLIPKESWSYIVETPNPENGTCYPGYFTDYEELREQLSSVSSFKRFEIFPKDGSWPNHTVSGVSSSCSHNGNSSFYRNLLWLTVKNGLYPNLSKSYTNKKEKEVLVLWGVHHPSNIEDQKALYHTENAYVSVVSSHYSKKFTPEIARRPKVRNQEGRINYYWTLLEPGDTIIFEASGNLIAPRYAFELSKGSGSGIITSNAPMGECNAKCQTPQGAINSDLPFQNVHPVTIGECPKYVRSTKLRMVTGLRNTPSIQSRGLFGAIAGFIEGGWTGMVDGWYGYHHQNEQGSGYAADQKSTQNAINGITNKVNSVIEKMNTQFTAVGKEFNKLERRLENLNKKVDDGFLDIWTYNAELLVLLENERTLDFHDSNVKNLYEKVRSQLKNNAKEIGNGCFEFYHKCNDECMESVKNGTYDYPKYSEESKLNREKIDGVKLESMGVYNILAIYSTVASSLVLLVSLGAISFWMCSNGSLQCRICI,EPI1056732,MNPNQKIITIGSVSLIIATICFLMQIAILVTTITLHFKQHNCDSTPNNHVMFCEPTIIERNKTEIVYLTNTTVEKEICPKPTEYRNWSKPQCNITGFAPFSKDNSIRLSAGGDIWVTREPYVSCDQDKCYQFALGQGTTLNNGHSNDTVHDRTPYRTLLMNELGVPFHLGTRQVCIAWSSSSCHDGKAWLHVCITGDDKNATASLIYNGRLVDSIGSWSKNILRTQESECVCINGTCTVVMTDGSASGKADTKILFIEEGKIIHISTLSGSAQHVEECSCYPRYSGVRCVCRDNWKGSNRPIVDINVKDYSTVSSYICSGLVGDTPRKNDSFSSSNCLDPNNEEGGHGVKGWAFDDGNDLWMGRTISEKSRLGYETFKVVKGWSEPNSKLQSNRQVIVDRGNRSGYSGIFSIEGKNCINRCFYVELIRGRKEETKVLWTSNSIVVFCGTSGTYGTGSWPDGADINLMPI,0.1170374173211802,1.2537340308507762e-05,0.0012113372485746804,6.622645996262955,5.233192330619087,7.962016273845274,0.07590522412164799,1.7007267884207318e-05,0.00113619561715739,6.663819067630117,5.268593190968311,8.007158067476642,0.0173127769490759,0.0001421124251284,0.001568553702600022,6.448812021588176,5.0837288085384795,7.771426231608398,0.0197225042950142,0.0004576586240944,0.0030043591961268702,5.965424593557675,4.668109320701923,7.241444503367595
A/Michigan/383/2018,H1N2,2018-07-31,EPI1271066,MKVKLMVLLCTFTATYADTICVGYHANNSTDTVDTVLEKNVTVTHSVNLLEDSHNGKLCLLKGIAPLQLGSCSVAGWILGNPECELLNSKESWSYIVETSNPENGTCYPGYFEDYEELREQLSSVSSFKKFEIFPKKSSWPNHTVTGVSSSCSHNGNSSFYRNLLWLTVKNNLYPNLSKSYTNKEGKEVLVLWGVHHPSNMEDQRALYHTENAYVSVVSSHYSRRFTPEIAKRPKVRNQEGRINYYWTLLEPGDTIIFEASGNLIAPRYAFELSKSFGSGIITSNAPMGECNTKCQTPQGAINSSLPFQNVHPVTIGECPKYVRSAKLRMVTGLRNTPSIQSRGLFGAIAGFIEGGWTGMVDGWYGYHHQNEQGSGYAADQQSTQIAINGITNKVNSVIEKMNTQFTAVGKEFNKLERRMENLNKKVDDGFLDIWTYNAELLVLLENERTLDFHDSNVKNLYEKVKSQLKNNAKEIGNGCFEFYHKCDDECMDSVKNGTYDYPKYSEESKLNREKIDGVKLESMGVYNILAIYSTIASSLVLLISLGAICFWMCSNGSLQCRICI,EPI1271065,MNPNQKIITIGSISLTLAAMCFLMQTAILVTNVTLHFNQCECHYPPNNQVILCEPTIIERNTTRIVYLTNTTIEKEKCPKLAEYRNWSKPQCRITGFAPFSKDNSIRLSAGGDIWVTREPYVSCDPDKCYQFALGQGTTLDNRHSNNTFHDRTPYRTLLMNELGIPFHLGTKQVCIAWSSSSCHDGKAWLHVCITGHDENATASIIYNGRLVDSIGSWSKKILRTQESECVCINGTCTVVMTDGSASGRADTRILFIEEGKIIHISPLIGSAQHVEECSCYPRYPGVRCICRDNWKGSNRPVVDINVKDYSIVSSYVCSGLVGDTPRKDDKSSSSNCLNPNNEKGEHGVKGWAFDDGKDVWMGRTINETLRSGYETFKVIEGWSKSNSKLQINRQVIVEKSDRSGYSGIFSVESKSCINRCFYVELIRGRKQENAVWWTSNSIVVFCGTSGTYGSGSWPDGADINLMPV,1e-05,1e-05,1e-05,7.732746385774188,6.187663482704384,9.179120585703442,0.005780998683946099,0.0027251688857484,0.0039691557971491065,5.742425260884698,4.476373121001693,6.996949994670706,0.0024495023876611,0.0030896056532609,0.0027509991684102355,6.034238782713994,4.727276184369783,7.316891775641823,0.0209505444671335,0.0030763000722118,0.008028085790343755,5.149911776661802,3.96692637793614,6.347323417384927
A/Hessen/47/2020,H1N1,2020-06-10,EPI1757439,MEVKLFVLFCSFTALKADTICVGYHANNSTDTVDTILEKNVTVTHSVNLLETSHNGKLCSLNGKAPLQLKNCNLAGWILGNPECDLLLTANSWSYIVETPDSKNGTCYPGEFADYEELREQLSTVSSFERFEIFPKATSWPNHDTTRGTTIACSHSGANSFYRNLLWIVKKGNSYPKLRNSYTNNKGKEVLVIWGVHHPPTDSDQQTLYQNNHTYISVGSSKYYQRFTPETVARPKIREQAGRINYYWTLLDQGDTITFEATGNLIAPWYAFALNKGSSSGIIMSNARVHNCTTMCQTPHGALKSNLPFQNVHPITIGECPKYVKSTHLRMATGLRNIPSIQSRGLFGAIAGFIEGGWTGMIDGWYGYHHQNEQGSGYAADRKSTQIAIDGISNKVNSIIEKMNTQFASVGKEFNGLEKRIENLNKKVDDGFLDVWTYNAELLILLENERTLDFHDFNVKNLYEKVKAQLRNNAKEIGNGCFEFYHKCDDECMESVKNGTYNYPKYSEESKLNREKIDGVKLESMGVHQILAIYSTVASSLVLLVSLGAISFWMCSNGSLQCRICI,EPI1757438,MNPNQKIIIISSICLINGIASLMLQIGNIISIWISHSIQIGNQNQTETCNQSVITYENKTWVNQTYVNISNINFVVEQEVIPVNLAGSSPLCPVSGWAIYSKDNSVRIGSRGDVFVIREPFISCSHLECRTFFLTQGALMNDKHSNGTIKDRSPYRTLMSCPIGEVPSPYNSRFESVAWSASACHDGTNWLTIGISGPDNGAVAVLKYNSIITDTIKSWRNNILRTQESECVCVNGSCFTVMTDGPSNGQASYKIFKIEKGKVVKSVELDAPNYHYEECSCYPDSGEIICVCRDNWHGSNRPWVSFNQNLDYQIGYICSGVLGDNPRPNDRTGSCGPISINGANGVKGFSFKYGNGVWIGRTKSTSSRNGFEMIWDPNGWTGTDNNFSIKQDIVGINDWSGYSGSFVQHPELTGLNCMRPCFWVELIRGRPKENTIWTSGSSISFCGVNSDTVSWSWPDGAELPFTIDK,0.0045507228549969995,0.0027756160582161,0.0035540201790114656,5.831821009170477,4.553236135972281,7.094962707510412,0.0031951229790691,0.0028447162351863,0.0030148330321884634,5.962688042878628,4.665756417573478,7.238444173251007,0.0044734485980018,0.0041290101250907995,0.004297780189263136,5.6773628249581805,4.420432037868121,6.925616111668444,0.0047805220545704,0.0024697676608982,0.0034360993542953025,5.858888830598901,4.576509215548985,7.1246396290613045
A/Netherlands/10370-1b/2020,H1N1,2020-09-10,EPI1838437,MEAKLFVLFCVFTALKADTICVGYHANNSTDTVDTIMEKNVTVTHSVDLLENSHNGKLCSMNGKAPLQLGNCNVAGWILGNPECDLLLTAKSWSYIIETPNSKNGACYPGEFANYEELREQLSTVSSFERFEIFPKATSWPNHETTKGTTVACPHSGANSFYRNLLWIVKKGNSYPKLSKSYTNNKGKEVLVIWGVHHPPTDSDQQTLYQNNHTYISVESSKYYQRFTPEIAARPKVREQAGRMNYYWTLLDQGDTITFEATGNLIAPWHAFALDKGSNSGIMISDAHVHNCTTKCQTPHGALKSNLPFQNVHPITIGECPKYVKSTRLRMATGLRNIPSIQSRGIFGAIAGFIEGGWTGMIDGWYGYHHQNEQGSGYAADQKSTQAAIDGISNKVNSVIEKMNIQFTSVGKEFNNLEKRIENLNKKVDDGFLDVWTYNAELLILLENERTLDFHDFNVKNLYEKVKLQLRNNAKEIGNGCFEFYHKCDNECMESVKNGTYNYPKYSAESKLNREKIDGVKLESMGVHQILAIYSTVASSLVLLVSLGAASFWMCSNGSLQCRICI,EPI1838436,MNPNQKIIIISSICMTNGIASLILQIGNIISIWISHSIQTGNQNQTEACNRSVITYENNTWVNQTYVNISNNNFVAEQATVPMKLAGSSSLCPISGWAIYSKDNSVRIGSKGDVFVIREPFISCSHLECRTFFLTQGALLNDKHSNGTIKDRSPYRTLMSCPIGEVPSPYNSRFESVAWSASACHDGSSWLTIGISGPDNGAVAVLKYNDIITDTIKSWKNNILRTQESECACLNGSCFTVMTDGLSNGQASYKIFKIEKGKVVKSIELNAPNYHYEECSCYPDSGEVICVCRDNWHGSNRPWVSFNQNLEYQIGYICSGVFGDNPRPDDGTGSCGPVSAHGANGVKGFSFKYGNGIWIGRTKSTSSRSGFEMIWDPNGWTGTDKNFSVKQDIVGINDWTGYSGSFVQHPELTGLGCIRPCFWVELIRGRPKENTIWTSGSSISFCGVNSGTVSWSWPDGAELPFTIDK,1e-05,1e-05,1e-05,7.732746385774188,6.187663482704384,9.179120585703442,0.008805106270508999,0.0102415271784653,0.009496195826682027,5.004260755321343,3.8416947327131004,6.187632917521152,0.011533503649553899,0.0076000185038792,0.009362416416244681,5.0166154349721825,3.8523173623702025,6.201178479721419,0.0103146104931746,0.0079570839349327,0.00905948240521101,5.045222684741212,3.876914051915604,6.232543216976955
A/Alberta/01/2020_(H1N2)v,H1N2,2020-10-01,EPI1815179,MKAILLVLLHTFAATSADTICVGYHANNSTDTVDTVLEKNVTVTHSVNLLEDKHNGKLCKLRGKAPLYLGKCNIAGWLLGNPECELPLTVSSWSYIVETSDSDNGTCYPGDFTNYEELREQLSSVSSFERFEMFPKESSWPNHETNKSVTAACPYAGASSFYRNLIWLVKKDDSYPMLNISYVNNKGKEVLVLWGIHHPPTEDDQKWLYKNADAYVFVGTSTYSQKFEPEIATRPRVRDQTGRMNYYWTLVKPGDKITFEATGNLVVPRYAFAMNRGSESGIIISDAPVHDCNTICQTPKGALNTSLPFQNVHPVTIGECPKYIKSTRLKMATGLRNTPSIQSRGLFGAIAGFIEGGWTGMVDGWYGYHHQNEQGSGYAADQKSTQRAVDGITNKVNSIIERMNSQFTAVGKEFSNLERRIENLNKKVDDGFLDVWTYNAELLILLENERTLDFHDSNVKNLYERVRNQLRNNAKEIGNGCFEFYHKCDNTCMESVKNGTYDYPKYSEESKLNREEIDGVKLDSTKVYQILAIYSTVASSLVVLVSLGALSFWMCSNGSLQCRICI,EPI1815178,MNPNQKIITIGSVSLIIATICFLMQIAILVTTVTLHFKQHDCNSSSNNQVMLCEPIIIERNKTEIVYLTNTTVEKEICPKPAEYRNWSKPQCNIAGFAPFSKDNSIRLSAGGDIWVTREPYVSCDLDKCYQFALGQGTTLNNRHSNDTVHDRTPYRTLLMNELGVPFHLGTRQVCVAWSSSSCHDGKAWLHVCITGDDNNATASFIYNGRLVDSVVSWSKNILRTQESECVCINGTCTVVMTDGSASGKADTRILFIVEGKIIHVSKLSGSAQHVEECSCYPRYPGVRCVCRDNWKGSNRPIVDINMKDYSIVSSYVCSGLVGDTPRKTDSLSSSNCLDPNNEEGDHGVKGWAFDDGDDVWMGRTINETLRLGYETFKVIKGWSKPNSKLQTNRQVIVKGGNRSGYSGIFSVEGKNCINRCFYVELIRGRREETRVWWTSNSIVVFCGTSGTYGTGSWPDGADINLMPI,0.0183826334056137,0.0010640552902808,0.004422684515600883,5.6537961183430605,4.4001692383714985,6.899777781632196,0.0181272367201635,0.001051925657588,0.004366749982207744,5.664274921403103,4.409178977782181,6.911266649222905,0.0197407077774761,0.0013764013924266,0.005212594140387751,5.517333541433668,4.282837874262542,6.750161411497576,0.0121509010028068,0.0017599783661369,0.004624426763828262,5.616966386282517,4.368502807909026,6.859397987048748
A/Taiwan/1/2021,H1N2,2021-03-14,EPI1918926,MKATLLILLGTFTTANADTLCVGYHANNSTDTVDTVLEKNVTVTHSVNLLEENHNGKLCRLRGMAPLHLGKCNIAGWILGNPECDSLFTVKSWSYIIETSNSDNGICYPGDFSNYEELREQLSSVSSFERFEIFPNASSWPNHETNKGKTAACPYDGASSFYRNLIWLVKKGNSYPKINKTYTNNKGKEVLVLWGIHHPSTSDDQQALYQNADAYVFVGSSKYNKKFKPEIAARPKVRDQAGRMNYYWTLIEPGDSITIEATGNLIAPRYAFAMTRGSESGIMISDAQFHDCNTTCQTPKGAINTSLPFQNIHPITIGECPKYVKSKNLRLATGLRNIPSIQSRGLFGAIAGFIEGGWTGMVDGWYGYHHQNEQGSGFAADRKSTQNAIDGITNKVNSVIEKMNTQFTAVGKEFNHLEKRMENLNKKVDDGFLDVWTYNAELLVLLENERTLDFHDSNVKNLYEKVRNQLRNNAKEIGNGCFEFYHKCDNTCMESIKNGTYDYPRYSEESKLNREEIEGVKLESTRIYQILAIYSTVASSLVLLVSLGAISFWMCSNGSLQCRICI,EPI1918928,MNPIKKIITIGSVSLTITSICFLMQIVILLTTVKLHFKQHECNSPPNNQVMQCEPIIIERNITEIAYVNNTTIEKEVCPKLVEYRNWSKPQCKITGFAPFSKDNSIRLSAGGDIWVTREPYVSCDNSKCYQFALGQGTTLDNKHSNDTIHDRTPYRTLLMNELGVPFHLGTRQVCIAWSSSSCYDGKAWLHVCITGHDTNATASFIYDGRLVDSIGSWSKNILRTQESECICINGTCTVVMTDGSASGRADTKILFIEEGKIVYISPLSGSAQHVEECSCYPRYPNVRCVCRDNWKGSNRPIVDINVKEHSVVSSYVCSGLVGDTPRVDDKTSSSDCQNPNNEKGGHGVKGWAFDDGNDVWMGRTIIEESRSGYETFKVIGGWSTPNSKSQINRQVIVDRNNRSGYSGIFSVEGKSCINRCFYVELIRGRRQETKVWWTSNSIVVFCGTSGTYGTGSWPDGADINFMPI,0.013748787965257499,0.0020321374844229,0.005285775949620095,5.505661219409272,4.272801939895345,6.7373639802026055,0.0133731681864501,0.0023074177525596,0.005554951456257762,5.463963094760418,4.236949635500684,6.691646522767188,0.0176024648536597,0.0016045430976409,0.005314500304111969,5.501120053479394,4.268897417459485,6.7323850857833785,0.016948568772421898,0.0024559496647355,0.006451730914597735,5.337316576455064,4.12805817903725,6.552792393025698
A/Wisconsin/03/2021,H1N1,2021-04-01,EPI1868840,MKAVLVVLLYTFTTANADTLCIGYHANNSTDTVDTVLEKNVTVTHSVNLLETRHNGKLCKLKGVAPLHLGKCNIAGWLLGNPECESLSTASSWSYIVETSNSENGTCYPGDFINYEELREQLSSVSSFERFEIFPKTSSWPNHETDKGVTAACPHAGTRSFYRNLVWLVQKGNSYPKVNTSYINNKEKEVLVLWAIHHPSTSADQRSLYKNEDAYVFVGSSRYSRKFEPEIATRPKVRDQSGRMNYYWTLVEPGDKITFEATGNLVAPRYAFALKRNSGSGIIISDASVHDCDTTCQTPNGAINTSLPFQNIHPVTIGECPKYVKSTKLRMATGLRNIPSIQSRGLFGAIAGFIEGGWTGMIDGWYGYHHQNEQGSGYAADLKSTQSAIDGITNKVNSVIEKMNTQFTAVGKEFSHLEKRIENLNKKVDDGFLDIWTYNAELLVLLENERTLDYHDSNVKNLYEKVRSQLKNNAKEIGNGCFEFYHKCDDMCMESVKNGTYDYPKYSEEAKLNREEIDGVKLESTRIYQILAIYSTVASSLVLVVSLGAISFWMCSNGSLQCRICI,EPI1868839,MNTNQRIITIGTVCLIVGIISLLLQIGNIVSLWVSHSIQTRWENHTEVCNQNVITYVNNTWVNRTYVNISNIKIATIKDVTPVVLSGNSSLCPVSGWAVYSKDNSIRIGSKGDIFVIREPFISCSQLECRTFFLTQGALLNDKHSNGTVKDRSPYRTLMSCPIGEAPSPYNSRFESVAWSASACHDGIGWLTIGISGPDNGAVAVLKYNGIITDTIKSWRNKILRTQESECVCMNGSCFTVLTDGPSNGQASYKIFKVEKGKIIKSIELDAPNYHYEECSCYPDSGKVMCVCRDNWHASNRPWVSFDQNLDYQIGYICSGVFGDNPRSNDGKGNCGPVLSNGANGVKGFSYRYGNGVWIGRTKSINSRSGFEMIWDPNGWAETDSSFSIKQDIIALNDWSGYSGSFVQHPELTGMNCIKPCFWVELIRGQPKENTIWASGSSISFCGVNSETASWSWPDGADLPFTIDK,0.0152505975389258,0.0371071205504457,0.023788773851193976,4.190167030300188,3.1417319338814824,5.295067711399405,0.0051768464311347,0.013789705476791099,0.008449093891295363,5.105725473898996,3.9289347226742457,6.298877943330674,0.0017431083075029,0.014888903011763899,0.00509440580729594,5.536503782409629,4.2993205655244875,6.771179495241763,0.0007948319372068,0.0175096574813895,0.0037305810506890686,5.792730335266593,4.51962573378761,7.052104036158348
A/Bretagne/24241/2021,H1N2,2021-08-18,EPI1913513,MKTKLFVLFCVFNTLKADTICIGYHANNSTDTVDTIMEKNVTVTHSVNLLETNHNGKLCSLNGKAPLQLGNCDVAGWILGNPECDLLVTANSWSYIIETSNSKNGTCYPGEFADYEELRELLSTVSSFERFEIFPKNSWPSHEAGTTVSCSKSGANSFYRNLLWITSKGKPYSKLSKSYKNNKGKEVLVIWGVHHPPTYSDQQTLYQNNHTYVSVVSSKYYQRFTPEIVPRPEIREQRGRMNYYWTLLDQEDTITFEATGNLIAPRYAFALEKGSNSGIMKSDAHVHNCTTKCQTPHGALKSDRPFQNVHPITIGECPKYVKSTQLRMATGLRNIPSIQSRGLFGAIAGFIEGGWTGMIDGWYGYHHQNEQGSGYAADQKSTQIAIDGVSNKVNTIIEKMNIQFASVGKEFNELEKRIGNLNKKVDDGFLDVWTYNAELLVLLENERTLDFHDFNVKNLYEKVKLQLRNNAKEIGNGCFEFYHKCDNECMESVKNGTYNYPKYSEESKLKREEIDGVKLESMGVQQILAIYSTVASSLVLLVSLGAISFWMCSNGSLQCRICI,EPI1913515,MNPNQKIMTIGLVSLTTATMCFFMQVAILVTTVTLHFKQYECNSSAINQVALCAPIVIEKNRTEIVYLTNTTIEKEICPKLMEYRDWTKPQCKITGFAPFSKDNSIRLSAGGAIWITREPYVSCDPSKCYQFALGQGTTLDNRHSNNTIHDRTPYRTLLMNELGVPFHLGTKQVCIAWSSSSCHDGKAWLHVCITGYDNNATASFIYDGRLVDSIGSWSHEILRTQESECVCINGTCTVVMTDGSASGKADTRVIFVKEGKIIHISPLSGSAQHVEECSCYPRYSNVRCICRDNWKGSNRPIVDINVKSYGINSGYVCSGLVGDTPRNNDSYSNSNCQAPNNEKGGHGVKGWAFDDGNDIWMGRTINNELRLGYETFKVIDGWTRSNSKTQTNRQVIVDSTDRSGYSGVFSVEGKSCINRCFYVELIRGRRQETRVWWTSNSIVVFCGTSGTYGSGSWPDGADINLMPI,0.14324487618420692,0.024499486669540698,0.05924040795398851,3.3649002971543926,2.4321625138489837,4.390252517354572,0.1861081020868783,0.042124359248575306,0.08854199315227881,2.998938567989652,2.1175063651300468,3.9890152934512564,0.1533878702268957,0.047670155253568706,0.08551037122905249,3.030702555725689,2.144817237422044,4.023841050473431,0.10055881999044089,0.0252902201580381,0.05042970053838088,3.511214015953819,2.557963950428842,4.550669592888788
A/California/71/2021,H1N2,2021-12-27,EPI1994321,MKAILLVLLHTFAAANADTICIGYHANNSTDTVDTVLEKNVTVTHSVNLLEDKHNGKLCKLGGKAPLYLGKCNIAGWLLGNPECEPIPTVSSWSYIVETSNSDNGTCYPGSFTNYEELRVQLSSVSSFEKFEIFPTESSWSNHETGATASCPYAGKSSFYRNLMWLVKKGDSYPMLNISYANDKGKEVLVLWGIHHPPTDSDQRWLYQNTNASVFVGTSTYSQKFKPEIATRPKVRNQAGRMNYYWALVEPGDTITFEATGNLVVPRYAFAMNRGSGSGIIVSDAPIHDCNTTCQTPKGALNTSLPFQNVHPVTIGECPKYVRSTRLKMATGLRNIPSIQSRGLFGAIAGFIEGGWTGMIDGWYGYHHQNDQGSGYAADQKSTQRAIDGITNKVNSVIEKMNTQFTAVGKEFNNLEKRIENLNRKVDDGFLDVWTYNAELLVLLENERTLDFHDSNVKNLYEKVRNQLRSNAKEIGNGCFEFYHKCDNTCMESVKNGTYNYLKYSEESKLNREEIDGVKLDSTRVYQILAIYSTVASSLVLLVSLGALSFWMCSNGSLQCRICI,EPI1994320,MNPNQKIITIGSVSLILATICFLMQVAILVTTVTLHFKQHDFNSSLNNQVMLCEPTVIERNKVEIVYLTNTTIEKEICPKPAGYRNWSKPQCNITGFAPFSKDNSIRLSAGGDIWVTREPYVSCDLDKCYQFALGQGTTLNNRHSNDTVHDRTPYRTLLMNELGVPFHLGTRQVCIAWSSSSCHDGKAWLHVCITGDDGNATASFIYNGRLVDSIGSWSKNILRTQESECVCINGTCTVVMTDGSASGKADTKILFIVEGKIIHVSKLSGRAQHVEECSCYPRYPGVRCVCRDNWKGSNRPIVDINVKDYSIVSSYLCSGLVGDTPRRADSLSSSYCLDPNNEKGGHGVKGWAFDDGDDVWMGRTINETSRLGYETFKVIKGWSKPNSKLQTSRQVIVEEGSRSGYSGIFSVEGKNCINRCFYVELIRGRKEETKVWWTSNSIVVFCGTSGTYGTGSWPDGADINLMPI,0.015008236975800799,0.00045184326793170005,0.002604106534118604,6.076636174313391,4.763729722795352,7.363375903216884,0.0126888424545663,0.0019895578742799,0.0050244588187166464,5.548040940544516,4.309240285147002,6.783828734036052,0.0192321469477651,0.0020452059584272,0.006271658594894709,5.361382084434159,4.148749851018771,6.579177604494105,0.0220961354090723,0.013573769395687099,0.01731842506057129,4.474226736620611,3.3859682189187668,5.606508277184608
